251
253
255
255
255
254
255
255
255
255
255
255
255
255
255
255
255
255
255
255
255
255
255
255
255
255
255
255
255
255
255
255
255
253
251
255
252
255
255
254
255
249
252
254
226
101
88
84
49
32
28
33
38
35
28
32
32
31
49
51
39
43
40
25
42
35
21
19
33
20
32
20
22
47
58
35
13
24
34
22
31
29
41
39
33
39
43
50
61
78
126
199
254
251
254
254
253
254
254
254
253
254
255
255
255
254
255
255
255
255
255
255
255
255
255
255
255
255
255
255
255
255
255
255
255
255
255
255
255
255
255
255
255
255
254
255
252
255
255
255
255
255
255
228
93
61
70
57
38
35
33
33
35
37
34
24
22
36
32
33
45
45
42
46
35
37
25
26
33
27
29
26
18
18
34
45
31
15
15
20
25
28
32
34
32
32
37
38
55
57
58
100
187
253
255
248
255
255
252
254
255
255
255
255
255
255
255
255
255
255
255
255
255
255
255
255
255
255
255
255
255
255
255
255
255
255
255
255
255
255
255
255
253
255
255
255
254
255
254
255
252
251
246
101
58
65
43
33
45
44
38
29
26
35
37
24
26
44
27
27
45
37
34
45
32
37
27
31
30
34
24
26
19
11
22
38
33
19
17
21
19
27
23
30
33
29
33
30
36
43
52
54
73
205
254
255
253
255
253
255
255
255
255
255
255
255
255
254
255
255
255
255
255
255
255
255
255
255
255
255
255
255
255
255
255
255
255
255
255
255
255
255
255
255
255
254
255
255
249
254
255
254
131
71
60
54
39
47
56
47
43
30
24
36
35
27
29
35
33
36
43
38
36
43
39
33
28
31
27
38
24
20
19
20
23
23
21
24
25
18
17
25
23
27
33
32
32
32
38
34
40
44
48
99
214
253
251
255
255
255
255
255
255
255
255
255
255
254
255
255
255
255
255
255
255
255
255
255
255
255
255
255
255
255
255
255
255
255
255
255
255
255
255
254
255
255
255
253
254
254
254
142
81
95
69
40
64
69
51
42
48
32
29
42
28
22
26
20
33
34
32
34
31
41
46
28
33
33
26
37
33
23
22
24
28
29
26
24
22
19
17
21
26
24
30
34
30
35
28
41
35
38
47
55
100
213
253
255
254
251
255
255
255
255
255
255
255
255
255
255
255
255
255
255
255
255
255
255
255
255
255
255
255
255
255
255
255
255
255
255
255
255
255
253
255
255
254
254
254
246
171
96
95
103
73
82
92
68
47
45
49
30
29
41
23
16
28
23
32
23
25
30
24
46
47
28
38
35
28
33
39
31
26
27
31
35
32
25
21
23
18
18
26
21
23
31
27
33
40
36
39
38
41
46
79
136
228
250
255
255
253
254
255
255
255
254
255
255
255
255
255
255
255
255
255
255
255
255
255
255
255
255
255
255
255
255
255
255
255
255
255
255
253
254
255
255
254
254
246
179
102
136
109
83
71
109
86
68
53
55
45
31
32
33
23
21
32
30
32
24
30
36
35
57
47
33
35
33
31
28
31
29
22
26
27
27
27
26
24
24
18
19
23
21
21
27
29
28
36
43
42
44
34
48
51
140
197
237
255
255
251
253
255
255
255
254
255
255
255
255
255
255
255
255
255
255
255
255
255
255
255
255
255
255
255
255
255
255
255
255
255
255
255
255
255
254
252
252
215
99
109
125
92
70
99
88
81
60
56
59
40
40
43
27
27
32
33
29
30
28
28
32
39
48
47
38
28
28
32
24
17
18
23
25
25
27
31
32
30
29
19
22
20
24
23
26
35
27
38
39
37
51
45
42
53
90
194
235
253
253
254
254
255
254
254
253
253
254
255
254
254
255
255
255
255
255
255
255
255
255
255
255
255
255
255
255
255
255
255
255
255
255
255
255
254
255
255
248
168
118
105
117
78
90
93
95
72
53
74
55
52
48
35
36
31
36
39
27
34
36
30
30
35
48
48
39
27
32
29
21
24
21
18
30
36
34
33
36
34
27
26
25
19
21
22
32
30
38
30
43
43
43
50
43
56
64
115
194
252
255
247
251
254
255
255
255
254
255
255
254
253
254
254
254
254
255
255
255
255
255
255
255
255
255
255
255
255
255
255
255
255
255
254
253
251
255
255
200
152
129
112
91
73
87
83
70
69
88
67
65
66
52
41
33
51
37
37
34
41
40
34
36
43
48
34
32
34
33
30
27
24
26
22
35
42
37
35
38
37
30
29
26
21
22
20
32
38
45
33
39
44
42
47
48
52
62
85
143
251
253
253
255
255
253
255
255
254
254
255
255
255
255
254
253
254
255
255
255
255
255
255
255
255
255
255
255
255
255
255
255
255
255
255
255
254
254
250
153
128
107
99
71
69
61
69
77
74
73
63
80
50
43
47
52
44
50
46
42
41
43
38
37
43
42
45
39
39
30
31
33
23
26
32
41
48
46
42
40
39
37
33
28
26
26
21
33
45
47
40
38
44
41
40
50
49
58
68
114
215
251
242
251
255
254
255
255
255
254
255
255
255
255
255
255
255
255
255
255
255
255
255
255
255
255
255
255
255
255
255
255
255
255
253
255
251
254
213
122
110
89
88
59
65
62
80
85
71
63
92
69
60
54
63
59
46
44
57
45
36
45
42
34
39
37
41
35
29
24
29
35
31
36
44
47
53
56
50
42
41
45
36
30
31
32
24
34
47
42
45
43
43
40
33
45
47
54
67
98
172
237
241
251
254
253
253
253
254
254
254
254
253
254
255
255
255
255
255
255
255
255
255
255
255
255
255
255
255
255
255
255
255
255
255
250
254
254
163
109
111
107
66
54
63
75
87
79
70
82
98
64
63
65
64
59
57
59
56
46
39
48
43
34
38
36
30
32
28
32
34
34
46
53
53
57
61
60
55
48
45
45
42
34
33
35
27
33
47
36
45
50
44
43
33
39
47
48
62
75
153
237
236
247
254
255
255
255
254
254
255
255
255
254
254
255
255
255
255
255
255
255
255
255
255
255
255
255
255
255
255
255
255
255
255
254
254
231
123
112
108
102
49
51
60
77
92
90
83
90
73
68
55
71
63
65
69
72
51
49
50
50
40
34
37
35
40
38
32
39
38
40
60
66
63
72
73
63
58
58
52
43
48
38
34
36
31
32
49
39
42
54
48
47
39
39
48
46
58
71
117
242
189
204
222
237
249
253
253
254
251
255
255
255
254
254
254
254
255
255
255
255
255
255
255
255
255
255
255
255
255
255
255
255
253
253
254
186
107
109
86
67
63
48
60
86
104
103
91
89
71
64
82
85
73
66
83
57
57
52
55
50
40
37
38
40
45
37
38
43
42
56
75
79
80
84
82
72
67
65
57
46
49
40
36
39
38
35
55
49
44
55
54
45
45
45
50
52
57
74
77
203
113
119
130
146
167
185
200
212
234
243
253
255
254
254
255
255
255
255
255
255
255
255
255
255
255
255
255
255
255
255
255
255
255
251
246
158
114
102
73
60
70
52
74
85
94
99
92
81
74
80
89
79
64
72
71
75
67
50
51
51
46
45
44
53
48
45
62
61
53
70
85
89
95
90
85
83
78
68
58
52
46
40
38
44
44
39
60
57
47
54
58
41
47
51
52
60
56
65
78
155
114
116
107
161
204
188
183
178
169
171
177
187
200
216
235
249
255
254
253
254
255
254
254
253
252
254
254
250
249
253
255
255
251
255
219
145
111
101
57
58
77
66
66
77
83
82
80
79
85
83
80
76
73
76
78
75
64
54
53
53
47
61
75
58
51
63
73
73
70
79
90
93
93
88
91
93
84
75
69
62
50
39
42
46
41
46
59
61
51
53
54
42
48
59
56
60
65
55
66
141
113
116
115
192
243
248
249
253
247
238
224
209
195
184
178
176
185
195
210
226
238
248
253
254
254
254
254
244
243
254
255
254
255
250
187
141
123
96
41
77
94
72
59
63
69
78
87
90
91
92
88
83
84
87
80
69
66
73
67
51
60
76
66
57
73
75
77
77
79
87
94
93
94
91
92
94
89
81
75
71
58
50
41
43
52
54
54
60
48
50
49
38
50
61
62
60
60
54
57
109
112
112
113
192
229
243
246
254
255
255
255
254
254
253
247
242
226
217
201
186
178
178
184
190
209
220
235
248
254
254
254
251
255
217
165
142
108
89
61
101
93
71
63
70
77
88
98
98
98
97
96
95
90
77
73
79
82
77
70
57
68
74
60
74
89
85
84
86
91
98
101
97
98
97
95
95
93
85
78
77
70
60
49
49
55
52
49
54
46
46
40
31
46
63
68
63
60
59
57
84
115
116
118
176
195
210
221
237
242
245
248
250
253
254
254
254
250
252
255
255
253
240
224
212
199
189
182
183
189
198
213
227
246
199
157
120
103
103
92
116
82
69
72
82
87
96
102
98
100
99
99
98
88
73
76
94
88
67
70
74
71
71
76
95
92
90
93
97
99
101
102
100
100
101
98
96
96
89
81
82
80
66
63
62
50
46
49
46
48
43
36
27
35
65
63
64
61
64
62
76
115
114
119
147
159
174
193
206
216
226
235
240
242
244
246
245
254
253
250
250
253
255
255
254
251
253
250
240
226
213
199
188
175
137
155
126
107
106
114
105
83
79
83
87
89
100
110
109
106
107
103
97
95
96
96
96
83
73
81
89
81
86
100
97
93
93
97
102
102
101
101
99
100
103
100
99
101
96
90
91
89
73
70
68
58
54
54
45
50
44
41
33
29
66
52
59
60
61
60
69
118
111
110
109
114
118
127
129
147
160
177
190
200
209
219
225
227
232
239
242
242
241
243
244
247
249
253
254
254
253
254
254
204
127
133
123
114
111
123
74
74
83
92
95
102
117
128
129
124
120
119
119
117
116
110
101
97
97
94
96
98
100
104
95
97
95
98
103
104
106
106
103
107
107
104
103
102
100
96
96
94
85
71
67
74
73
61
54
54
50
51
48
36
65
44
48
59
57
56
63
149
142
139
127
125
121
115
110
109
109
111
115
122
133
148
159
171
180
192
201
207
212
220
225
228
225
227
233
233
231
236
246
194
152
114
116
127
105
103
68
68
88
99
103
118
137
145
144
147
138
143
150
139
129
126
121
120
112
107
107
111
108
102
104
103
103
106
108
109
111
113
111
112
109
106
103
100
99
99
97
96
94
82
73
75
76
69
65
61
60
62
62
52
61
46
38
56
55
57
65
189
189
191
182
178
172
160
156
145
137
128
121
114
108
106
107
111
114
120
128
138
151
163
171
184
196
207
212
215
219
220
219
185
171
112
125
124
102
102
64
91
111
114
111
129
152
159
159
160
153
161
163
150
148
150
140
126
114
120
118
116
119
110
114
109
113
118
117
112
112
115
114
111
105
103
100
96
98
101
99
96
96
98
84
64
66
75
71
67
69
68
70
64
56
52
34
49
53
59
69
182
186
189
190
191
194
197
197
197
194
188
182
174
163
152
144
136
117
121
113
107
109
102
113
119
124
133
145
157
169
180
187
177
178
123
129
123
103
84
81
107
117
125
127
149
156
160
161
165
169
168
162
160
160
156
148
139
138
133
130
130
126
108
118
125
118
126
125
121
115
122
118
112
108
107
107
103
101
100
98
97
97
99
97
84
68
65
71
71
62
71
73
69
54
53
45
41
54
58
62
178
182
184
185
186
189
191
192
194
196
198
201
203
204
203
202
199
193
185
172
164
148
145
122
114
111
107
106
108
112
116
118
128
147
128
125
113
103
85
86
116
135
151
154
154
157
164
158
160
167
167
161
164
170
164
149
150
145
137
133
131
125
109
125
131
121
132
132
126
121
124
118
120
115
111
110
106
103
102
99
94
93
95
98
94
85
83
88
76
58
68
72
69
64
56
49
43
49
57
59
175
178
181
181
182
184
186
187
187
188
191
193
195
197
199
201
202
209
207
206
209
205
201
172
190
182
169
157
145
134
122
114
125
130
125
114
102
106
91
100
126
150
157
158
152
154
162
160
168
169
172
176
177
173
165
158
150
144
135
132
129
122
107
126
131
118
133
136
129
126
126
122
119
113
109
109
107
107
107
105
98
93
92
96
97
92
88
89
79
53
62
70
62
65
52
49
55
54
54
70
173
175
177
178
179
180
182
183
188
189
189
189
190
191
192
194
192
196
198
200
197
206
179
178
211
209
208
208
207
203
195
189
174
139
111
108
95
102
94
115
127
145
131
138
150
153
153
161
158
167
180
188
181
165
152
148
143
140
134
133
132
125
108
122
132
117
134
139
129
127
126
124
123
115
111
110
109
107
106
103
100
94
91
94
97
94
90
88
79
56
57
71
59
64
56
54
60
62
57
113
170
172
174
175
175
175
177
179
180
180
181
184
186
189
190
190
193
191
194
198
197
196
167
196
202
203
204
206
207
208
208
207
207
148
95
101
88
97
96
119
122
117
105
130
152
155
151
158
152
166
173
164
156
153
148
140
137
137
133
131
132
128
107
114
133
118
129
137
126
122
120
120
120
112
109
110
109
107
105
103
103
97
93
93
94
91
87
84
75
58
44
66
56
61
61
54
54
63
70
183
169
169
171
173
173
173
174
176
178
178
179
182
184
185
185
184
188
187
187
191
193
169
168
195
196
197
198
199
199
200
202
204
209
153
90
87
80
99
105
114
118
82
91
133
147
152
157
156
157
157
149
138
134
138
140
138
132
133
128
126
130
130
109
113
131
118
120
135
131
125
122
122
119
111
108
109
106
102
100
98
102
98
94
92
91
88
84
81
74
60
37
57
54
58
59
48
56
57
83
217
166
167
169
171
171
170
171
174
173
174
176
178
179
180
180
181
183
184
183
189
182
159
183
192
189
191
193
194
194
195
196
196
203
166
117
85
78
99
110
108
104
54
82
132
143
148
156
155
164
152
143
140
136
127
121
121
111
112
111
114
123
125
109
118
133
122
110
130
132
121
114
110
105
96
91
89
82
76
73
72
76
75
75
75
76
77
76
75
69
60
40
51
52
56
56
53
60
55
108
202
163
163
165
167
167
166
167
170
173
175
178
178
177
177
178
180
179
179
180
185
163
159
188
185
190
190
189
189
190
191
193
195
197
183
159
100
80
90
105
104
85
38
76
128
149
149
149
153
143
131
114
101
91
84
78
75
75
77
81
92
105
110
98
113
132
120
95
114
116
96
83
73
59
51
47
47
44
40
41
42
45
45
44
44
45
46
45
43
50
47
38
40
41
49
50
58
56
65
151
195
181
180
178
177
175
173
172
171
169
169
169
170
172
174
176
176
177
178
187
168
159
179
184
182
181
183
185
185
186
188
189
189
192
185
183
143
85
88
104
81
79
34
81
130
127
97
76
71
69
55
47
46
42
35
30
25
28
23
35
46
63
75
81
112
129
116
82
74
66
49
38
42
44
46
47
53
62
84
87
82
82
83
99
97
91
77
70
61
38
29
32
33
50
47
55
58
59
75
196
249
183
184
184
185
186
187
188
188
189
187
184
181
177
175
173
172
175
173
176
159
155
174
180
181
182
184
185
184
184
185
185
185
182
181
189
169
104
71
96
76
49
53
82
80
61
58
75
89
96
91
94
90
76
72
67
50
72
91
69
45
16
25
31
62
72
53
42
37
32
35
52
64
68
63
67
86
82
79
95
107
106
110
121
121
119
112
107
92
58
36
29
26
99
91
54
54
63
87
186
215
181
181
183
184
186
188
189
190
193
193
194
193
192
192
193
195
191
189
190
177
174
183
179
177
175
178
179
179
180
181
182
182
185
184
189
186
129
67
96
72
27
26
44
61
99
129
135
128
117
102
97
88
70
69
68
52
97
149
138
127
92
29
14
14
65
101
63
41
39
75
122
123
128
126
132
148
106
56
75
91
101
110
117
117
114
110
109
88
62
49
36
27
94
77
43
66
55
99
180
193
181
182
183
184
185
186
187
188
189
191
193
193
194
195
198
200
197
199
202
197
199
202
194
193
187
188
187
185
183
182
181
179
181
180
178
178
146
81
99
78
29
30
73
71
90
117
119
114
104
98
90
74
58
55
55
46
87
127
132
142
140
63
25
23
86
138
72
46
40
107
150
143
144
136
133
150
108
56
83
91
98
114
118
120
111
102
104
85
65
51
34
34
53
39
40
65
58
93
127
126
180
181
183
184
185
186
188
189
189
190
191
191
190
190
192
194
195
196
197
196
200
202
200
204
206
207
207
205
203
202
201
200
192
191
189
185
172
109
92
76
32
29
89
61
60
106
110
92
87
96
85
60
46
45
51
63
107
127
128
134
138
90
11
18
35
45
29
39
43
121
141
141
144
148
151
163
106
52
80
87
90
103
109
117
107
97
98
84
68
45
40
44
39
31
44
59
63
112
119
107
177
179
180
181
181
182
184
185
188
189
191
192
192
193
194
196
197
196
196
196
195
195
197
199
196
198
200
201
202
204
205
205
209
204
204
205
205
153
93
66
38
23
72
69
58
87
94
88
101
90
66
52
49
38
48
84
130
150
142
148
152
78
16
26
48
46
31
16
27
101
149
163
162
171
171
161
79
30
62
87
82
89
95
109
105
101
100
90
67
43
56
43
48
42
43
57
87
177
192
183
179
180
182
182
181
182
183
185
187
187
188
188
189
190
190
191
193
192
195
200
198
198
201
198
200
202
203
202
201
202
202
202
204
200
201
205
212
191
115
69
78
62
53
88
76
71
77
87
88
63
45
58
68
49
46
74
133
160
160
168
159
45
14
48
88
102
73
27
18
71
139
155
159
160
156
148
84
57
61
70
72
75
82
94
89
93
92
88
65
52
58
41
55
54
47
59
105
199
202
198
175
177
179
180
180
182
184
186
184
184
185
187
189
190
191
191
194
190
192
198
195
196
201
194
197
199
200
199
199
201
201
201
202
206
205
201
197
204
135
79
91
101
39
90
93
88
87
80
69
58
58
79
96
90
81
85
113
132
143
138
108
28
9
100
135
117
101
56
9
40
91
111
113
114
111
111
74
82
76
71
65
70
77
82
72
79
79
81
49
65
65
57
52
51
58
75
112
200
192
193
173
175
178
180
181
181
181
181
184
184
185
186
187
188
189
189
191
191
191
192
193
194
196
197
197
197
197
198
198
199
200
200
204
197
201
203
200
199
157
90
100
106
61
65
107
107
97
89
85
92
96
100
105
99
89
87
89
93
96
90
63
9
38
158
152
113
102
70
17
20
54
58
58
65
72
75
76
77
74
70
73
76
70
79
81
76
80
67
44
80
63
55
60
60
77
79
109
190
189
192
173
174
176
178
179
179
180
180
181
182
183
184
185
186
187
187
191
191
190
191
192
193
194
195
196
196
196
196
197
198
199
199
198
200
197
200
200
198
175
103
105
100
83
49
112
135
103
97
105
110
110
112
118
115
109
110
109
104
97
95
42
5
99
168
166
123
103
77
37
15
34
58
58
67
77
83
85
84
77
70
68
73
71
76
82
85
78
54
50
88
69
50
58
76
89
80
132
188
183
186
172
173
174
176
176
177
178
179
180
181
182
183
184
185
186
187
189
189
189
189
190
191
191
192
194
194
194
195
195
196
197
197
195
202
196
198
200
197
195
124
106
92
113
53
67
130
136
128
117
112
105
112
130
136
127
121
107
103
101
83
19
29
118
153
169
131
103
83
62
23
17
45
58
67
76
79
79
80
79
77
78
77
79
79
70
55
41
29
70
90
62
47
59
79
85
86
159
183
175
177
171
172
173
174
174
176
177
178
179
179
180
182
183
184
185
186
187
187
187
187
188
189
190
190
192
192
193
193
194
194
195
195
196
200
197
196
198
193
201
144
104
80
119
105
38
63
102
120
128
127
121
119
123
121
115
114
103
102
94
40
20
66
125
152
165
140
104
83
70
42
18
31
52
64
76
78
76
74
75
74
60
50
49
46
39
40
51
67
87
90
52
45
61
71
79
112
177
179
174
174
170
171
172
172
173
174
176
177
176
177
178
179
180
181
182
182
184
184
185
186
187
188
189
189
190
191
191
192
193
193
194
194
195
192
196
193
194
190
195
161
107
86
112
153
103
79
68
65
73
78
81
88
100
102
97
97
94
96
80
37
56
89
145
147
160
143
108
85
65
57
35
37
42
45
46
44
42
44
46
45
54
57
68
74
80
89
91
91
87
92
56
46
62
68
95
156
173
169
168
167
168
169
170
171
171
172
174
175
175
175
176
177
178
179
180
180
182
182
183
184
185
186
187
187
188
189
189
190
191
191
192
192
194
188
196
192
193
190
190
178
128
96
108
150
158
167
157
147
132
113
82
62
59
54
43
39
42
44
52
70
78
117
148
138
144
129
111
97
69
65
54
57
44
40
35
37
51
69
81
85
93
91
92
97
97
95
92
86
88
90
63
54
64
70
124
193
184
185
184
183
166
167
168
169
169
170
171
172
174
175
175
176
177
178
178
179
180
181
181
182
183
184
184
185
186
186
187
188
189
189
189
189
191
190
193
191
193
191
189
189
142
96
123
155
153
158
169
177
163
158
141
123
113
102
95
96
80
72
83
101
95
144
137
146
133
115
115
108
87
71
68
71
74
73
71
74
85
97
103
103
102
98
94
100
97
88
94
95
90
87
67
55
63
86
161
200
190
194
190
192
164
165
166
168
168
168
169
170
172
172
173
174
174
175
175
176
180
180
181
181
182
182
183
183
184
184
185
186
187
187
187
187
187
192
189
188
190
188
187
192
165
116
130
152
146
154
158
155
160
155
138
122
116
112
113
120
119
115
109
87
113
147
141
164
140
116
119
110
99
74
75
77
82
85
86
84
85
91
98
101
102
109
102
102
96
91
96
85
86
87
71
45
57
113
197
188
188
194
185
191
162
163
164
165
166
167
168
169
169
170
171
172
173
174
175
176
178
178
178
179
179
180
180
180
182
182
183
183
183
184
185
186
185
185
186
187
188
187
186
186
184
148
131
152
150
147
151
155
157
148
138
131
125
118
115
116
116
120
109
112
126
138
147
182
144
120
114
108
110
76
69
85
92
94
92
95
96
91
95
100
107
106
102
98
96
95
91
86
86
80
75
60
70
146
192
187
188
188
187
187
161
161
162
163
165
166
166
167
168
169
170
171
171
172
173
174
175
175
176
176
177
178
178
178
179
180
181
181
181
182
183
184
183
184
184
185
185
185
185
184
185
158
136
151
150
147
152
156
150
148
146
143
137
132
130
130
128
123
130
119
129
145
147
174
150
121
113
114
108
89
77
68
92
98
97
99
98
93
96
99
104
103
100
96
95
95
92
87
87
86
79
71
93
180
182
188
186
186
185
185
160
160
161
162
163
164
164
165
167
168
169
169
169
170
171
172
173
173
173
174
175
176
176
176
177
178
178
178
179
179
180
181
182
182
182
182
183
183
183
183
184
170
143
149
151
149
155
156
152
157
161
160
156
154
153
153
148
140
141
123
138
143
135
150
141
127
121
122
107
94
82
72
89
99
101
102
99
95
97
98
101
101
98
95
95
95
92
87
86
83
83
74
140
192
182
183
186
186
185
185
159
160
160
161
162
163
164
164
166
166
167
168
168
168
169
170
171
171
172
173
174
174
175
175
175
176
177
177
177
177
178
179
181
181
180
180
180
181
182
182
182
179
148
144
152
152
158
157
161
167
171
169
167
167
167
165
148
145
127
127
151
141
129
137
132
127
112
111
109
94
78
78
83
97
102
102
100
97
98
97
99
99
97
94
94
95
92
87
82
80
77
91
177
182
188
180
185
184
184
183
160
161
161
162
163
163
164
164
165
166
167
167
167
167
168
168
170
170
171
171
172
173
174
174
174
175
175
175
175
175
177
177
179
179
178
178
178
179
180
180
179
181
152
139
152
156
161
159
164
169
170
168
168
168
165
158
143
132
119
137
139
118
102
104
113
107
95
93
90
69
69
80
80
96
101
101
101
99
100
96
97
98
96
94
94
95
93
88
82
80
73
135
186
180
184
183
181
181
181
180
162
162
162
163
164
164
165
165
166
166
167
167
167
167
168
169
169
169
170
171
171
172
173
173
173
173
174
174
174
174
175
176
176
176
176
176
176
177
177
178
177
179
156
137
151
158
160
162
165
168
169
169
170
168
158
147
139
116
130
144
109
80
56
54
92
84
82
81
62
45
65
78
82
96
99
101
102
102
101
96
95
95
94
93
94
95
93
88
84
74
86
168
183
181
176
182
180
179
179
178
162
163
163
163
164
164
165
165
167
167
168
168
168
168
169
170
170
170
171
171
172
172
173
173
173
174
174
174
174
174
175
176
175
175
175
175
176
176
176
176
176
177
163
138
149
157
158
165
167
167
167
169
170
165
152
139
124
119
143
151
116
83
64
61
100
92
76
76
59
54
66
66
83
94
96
99
104
105
104
99
94
95
93
91
92
93
90
85
83
68
102
176
180
178
176
177
179
179
178
178
162
163
163
163
164
164
165
165
167
168
169
169
169
169
170
170
171
172
172
172
173
173
174
174
174
175
175
175
175
175
176
177
175
175
176
176
176
176
176
176
177
176
169
140
148
156
156
167
167
165
164
165
165
158
145
133
117
144
157
163
155
116
108
107
113
123
94
84
65
62
61
65
82
91
92
97
104
107
107
102
96
96
94
91
90
90
86
80
80
72
104
178
173
178
180
173
177
176
176
176
162
163
164
164
164
165
165
166
166
168
168
168
169
170
171
170
172
172
172
172
173
174
175
175
174
175
176
177
177
177
177
176
178
178
177
177
177
178
179
180
176
178
172
134
145
150
152
163
161
164
164
161
156
149
138
123
127
158
165
161
158
147
135
121
122
117
104
89
75
65
66
75
82
87
89
93
100
103
103
103
99
97
96
93
92
92
87
77
71
71
112
178
169
177
174
173
173
173
173
173
163
164
165
165
165
166
166
167
167
168
169
168
169
171
171
170
173
173
173
173
174
174
175
176
175
175
176
177
177
177
177
177
178
177
177
177
177
178
179
179
177
179
175
142
144
147
147
154
159
158
158
151
148
143
127
121
154
169
162
144
143
138
126
128
125
110
99
94
83
72
75
85
85
87
88
91
99
103
102
103
98
97
97
94
89
87
83
76
76
75
125
177
168
173
170
170
171
171
171
171
163
164
165
165
165
166
167
168
168
169
169
169
170
171
172
171
173
174
174
174
175
175
176
176
175
176
177
177
178
178
178
177
177
177
177
178
178
178
178
179
178
180
178
154
142
144
140
143
154
154
153
142
140
134
123
137
147
146
140
130
136
131
119
138
123
102
96
98
86
75
78
85
82
84
84
87
93
96
97
101
102
99
97
96
91
88
83
77
75
76
141
174
168
172
169
171
170
170
170
169
163
164
165
165
165
165
166
167
168
169
170
169
170
172
172
171
174
174
174
175
175
176
176
176
176
177
177
178
178
178
178
178
178
178
178
179
179
179
179
179
178
180
180
164
138
138
136
137
146
151
142
135
134
120
117
137
138
138
137
133
133
129
120
127
119
101
103
110
96
84
83
81
81
83
84
86
88
90
94
102
104
98
96
96
95
90
84
76
71
81
155
170
168
170
168
171
169
168
168
168
163
164
165
165
165
166
167
167
168
169
169
169
170
171
172
171
173
174
174
175
175
176
176
176
177
177
178
178
178
179
179
179
178
179
179
180
180
180
180
180
178
180
181
170
136
132
131
132
137
144
126
130
127
102
108
120
121
129
130
125
120
126
133
121
108
86
94
111
102
87
81
73
79
78
77
79
82
82
85
93
98
94
94
94
91
86
82
77
72
96
166
167
168
168
165
167
166
166
166
165
164
164
165
166
166
166
167
168
167
169
169
169
169
171
172
171
173
173
174
175
175
176
176
176
177
177
178
178
179
179
179
179
180
180
180
180
180
180
181
181
180
180
182
174
139
130
129
128
127
138
121
129
114
85
109
122
125
126
125
128
118
114
125
117
106
80
86
110
106
90
79
70
78
73
69
71
75
74
75
80
93
93
95
91
83
79
80
79
75
118
170
167
169
169
167
168
167
167
166
165
163
164
165
166
166
166
167
168
167
169
169
169
170
171
172
171
173
174
174
175
176
176
176
176
177
177
178
178
178
179
179
179
180
180
180
180
180
180
181
182
181
180
182
178
150
135
132
127
125
131
124
133
106
76
99
106
111
111
115
124
123
113
112
118
106
90
93
104
99
90
84
75
76
75
74
74
71
65
67
78
95
94
92
85
77
77
79
77
84
143
172
169
170
171
171
169
169
168
167
166
163
163
164
165
165
165
166
167
168
169
169
169
170
171
172
171
173
174
175
175
176
176
176
176
177
177
178
178
178
179
179
179
180
180
179
179
179
180
181
182
182
180
183
182
161
143
137
128
129
124
125
136
108
73
72
60
84
97
101
91
94
91
73
76
80
82
86
78
67
71
74
65
67
73
77
73
61
50
57
74
100
94
87
78
74
78
78
72
95
163
176
172
170
170
170
167
168
168
167
166
163
162
163
165
166
166
167
168
168
168
170
170
170
171
172
173
172
174
174
173
174
176
177
176
179
179
178
178
179
179
179
179
179
179
179
179
179
180
180
180
180
184
181
184
172
137
135
123
118
121
127
127
113
81
51
47
75
102
103
99
95
93
82
77
73
72
73
72
72
75
77
74
76
75
72
69
69
59
57
80
96
91
81
69
71
78
73
71
127
173
173
171
173
168
175
167
168
168
167
167
164
163
164
166
166
165
166
167
169
169
170
171
171
171
172
173
172
173
173
173
174
176
178
177
176
176
177
177
178
178
179
179
180
180
180
181
181
181
181
182
178
181
180
180
176
147
124
122
112
111
125
124
112
87
60
68
103
125
129
127
120
122
111
95
82
85
88
87
85
89
88
82
77
78
79
80
80
68
64
86
100
90
78
73
71
74
73
80
152
179
174
172
173
167
173
170
170
170
169
169
164
164
164
166
166
166
166
167
168
169
170
170
170
170
170
171
177
177
176
174
174
175
176
176
178
178
178
179
179
179
179
179
180
180
179
179
179
179
178
178
181
181
182
180
184
164
122
124
115
106
120
117
110
94
72
90
135
141
138
134
121
123
117
98
94
94
90
83
78
83
86
82
83
83
84
83
82
72
69
87
97
84
71
73
73
75
73
94
170
176
171
172
172
169
172
173
170
169
169
169
165
165
165
166
166
166
166
167
168
169
171
172
173
174
175
176
171
171
172
173
174
175
176
176
176
176
177
177
178
178
179
179
181
181
181
181
181
181
181
181
180
180
180
180
184
175
130
122
124
110
111
111
109
98
87
105
136
140
135
137
128
123
113
101
91
90
91
90
89
91
91
87
87
89
88
82
80
75
68
76
85
74
68
72
80
82
74
116
175
170
170
173
173
172
171
172
169
169
168
168
167
168
168
169
170
171
172
172
170
171
171
170
170
169
170
170
175
175
176
177
177
176
176
176
175
176
177
178
178
179
180
181
178
179
179
180
180
181
182
182
182
182
180
183
181
181
152
126
126
119
110
112
111
99
101
115
142
151
138
131
125
120
108
102
98
87
78
74
73
76
81
83
88
94
95
85
84
82
69
63
72
64
71
78
89
83
78
147
178
171
175
174
172
174
170
169
171
170
170
170
147
149
151
154
157
161
164
164
170
171
173
175
177
179
181
182
177
176
177
178
178
176
176
176
177
178
178
178
177
177
177
178
180
180
180
179
179
179
178
178
183
182
181
185
179
182
172
137
127
131
121
121
114
100
108
119
139
158
145
134
137
146
144
142
128
118
110
104
96
90
85
80
87
93
93
82
82
86
75
65
65
58
74
86
91
77
95
171
176
173
175
173
171
173
172
171
171
171
171
170
114
117
118
120
122
126
128
127
127
129
133
137
142
146
150
152
164
164
166
170
173
175
178
180
178
179
181
181
181
181
183
184
181
181
181
181
182
182
182
182
181
178
182
182
178
180
179
150
132
139
133
124
116
108
114
125
133
150
149
149
147
150
143
135
127
122
115
104
94
92
89
84
83
85
84
74
75
84
81
75
68
63
75
87
86
81
132
178
173
174
172
172
172
173
174
173
170
170
170
169
150
151
150
147
145
144
143
141
138
137
136
133
130
127
126
125
126
125
125
127
129
130
133
136
141
144
148
152
155
158
162
165
169
170
172
175
179
182
184
186
187
182
190
187
187
186
185
168
136
139
135
121
117
120
122
133
139
143
148
160
150
143
137
129
110
116
116
106
97
96
92
82
74
76
79
74
75
83
81
79
74
73
76
84
82
94
170
175
174
177
173
174
176
172
173
172
171
170
170
170
154
155
156
157
158
159
160
161
162
163
163
163
162
161
160
160
158
157
155
153
149
145
142
140
137
135
134
133
131
129
127
125
130
130
128
130
135
135
137
147
152
150
162
156
166
171
170
172
148
133
121
133
132
124
134
135
135
141
143
141
149
139
120
132
122
107
113
115
102
98
97
92
83
76
83
80
83
82
84
83
71
72
79
79
69
143
176
172
174
175
175
174
174
175
175
173
168
170
172
172
150
151
152
153
154
155
156
157
158
158
159
160
160
161
161
161
163
164
164
165
165
165
164
164
166
165
165
164
164
162
161
160
155
155
151
148
148
145
137
131
135
132
128
131
127
117
132
127
130
121
137
132
129
137
135
128
133
133
146
145
128
122
119
115
116
107
111
109
102
106
103
92
95
82
85
86
84
81
82
84
71
75
69
67
57
83
183
183
176
173
176
179
175
171
170
168
172
169
168
171
148
149
150
151
151
152
153
154
154
154
155
156
158
159
159
159
159
159
160
161
163
164
165
165
162
163
163
163
163
163
163
163
166
168
170
168
167
170
172
169
164
163
170
157
159
164
154
145
71
90
123
128
134
133
132
144
143
142
142
141
129
116
110
102
112
100
102
107
107
105
98
96
93
87
92
91
77
77
82
88
76
60
68
69
50
8
90
143
175
181
179
176
178
177
178
185
174
172
172
173
147
148
149
150
150
151
152
153
153
153
154
154
155
156
157
157
157
157
157
157
158
158
159
160
160
161
162
161
161
162
163
163
162
160
163
163
159
159
162
159
171
164
166
175
154
124
112
87
57
138
137
111
113
120
133
137
148
151
141
139
133
112
105
105
104
95
98
104
104
96
87
93
85
87
93
89
72
81
82
80
60
47
55
61
73
36
14
38
77
111
120
120
137
144
142
151
158
158
159
163
145
146
147
147
148
148
149
150
153
153
153
153
153
154
155
156
157
157
157
157
158
159
160
161
156
158
158
157
157
158
158
157
162
160
161
158
153
159
166
164
146
127
124
117
73
58
73
59
127
170
131
127
117
92
108
138
150
146
133
132
129
118
109
92
96
101
105
99
95
91
83
85
90
89
91
90
80
86
73
59
48
67
59
57
63
56
21
27
20
45
57
53
57
64
70
76
89
102
111
109
144
145
146
146
147
147
148
149
151
151
151
151
152
153
154
155
153
153
153
154
154
156
157
157
157
158
157
155
156
158
157
155
158
159
160
163
167
158
124
87
51
58
70
51
46
71
74
90
162
164
134
139
127
106
101
107
135
146
134
122
125
120
100
82
98
104
108
101
94
88
83
87
98
94
94
93
84
76
59
52
60
58
57
67
65
59
28
24
28
30
52
57
35
26
30
22
32
62
94
107
144
145
146
146
146
147
148
149
149
149
148
148
149
151
152
153
152
152
152
153
153
153
153
154
155
156
154
152
154
157
156
153
162
163
155
132
102
70
46
38
59
69
52
52
65
64
64
99
174
164
150
144
139
125
107
84
100
129
137
123
117
105
87
87
98
96
100
96
89
84
82
89
93
93
92
81
71
59
53
62
66
49
56
57
55
57
26
22
28
21
36
45
28
23
33
32
24
25
29
37
143
144
145
145
145
146
147
148
149
148
147
147
147
148
149
150
151
151
152
152
153
153
153
153
155
155
153
152
154
158
157
153
133
106
74
57
47
40
43
65
61
47
63
64
60
74
70
103
171
163
146
131
142
128
126
110
87
88
113
122
113
107
91
77
87
89
91
81
76
84
84
80
84
86
80
57
55
52
58
71
65
57
55
63
62
49
20
20
21
27
30
31
30
25
23
29
29
24
24
27
144
144
144
144
145
146
147
147
147
146
145
146
148
150
149
149
153
149
149
151
151
151
153
152
149
152
157
157
148
130
103
78
55
51
49
50
39
43
64
60
41
52
85
67
64
74
66
82
163
163
154
138
128
131
137
135
128
104
84
91
106
89
79
74
78
79
78
74
71
71
72
72
69
66
66
62
55
58
64
63
57
59
59
60
58
37
16
22
25
24
34
40
20
21
27
26
27
27
26
25
143
143
143
143
144
145
145
146
147
147
146
145
145
146
148
149
149
150
152
152
149
152
155
153
158
149
132
105
75
59
56
55
54
43
51
44
40
62
64
49
39
57
87
63
64
73
64
64
149
170
154
139
133
127
138
143
134
128
110
90
91
90
89
77
76
76
77
75
71
70
71
68
67
68
69
62
55
60
66
63
56
53
56
64
61
37
12
23
22
22
33
44
28
24
23
23
25
26
27
28
142
142
142
142
143
143
144
144
142
143
144
147
151
152
150
148
146
146
147
147
149
154
151
141
116
90
63
52
52
55
52
44
48
43
46
43
55
71
57
41
36
62
86
57
62
71
66
47
128
172
154
141
138
124
137
148
131
133
129
112
102
96
103
98
88
84
84
82
75
73
71
64
71
70
67
60
58
66
68
61
56
52
58
66
62
44
14
24
24
21
24
35
26
22
20
24
23
25
27
29
141
141
141
141
142
142
143
143
149
147
145
143
143
145
147
147
147
150
154
154
146
128
101
75
58
52
51
52
50
49
50
51
43
50
43
54
72
59
44
39
36
65
82
52
61
68
70
41
118
170
155
144
140
129
137
147
132
126
128
128
123
111
116
113
92
83
78
75
69
69
68
60
77
69
61
59
65
73
69
59
56
55
61
65
61
53
21
25
26
23
20
24
23
22
20
24
22
24
26
29
140
140
140
141
141
142
143
143
140
144
147
146
144
145
147
148
153
148
137
114
85
65
60
60
54
46
45
49
49
47
46
44
44
49
51
68
68
43
37
38
39
68
79
53
63
66
72
43
125
169
161
147
139
138
141
145
141
131
125
122
123
120
124
112
103
91
82
77
74
75
75
70
76
67
61
65
74
75
66
59
55
53
60
66
64
53
24
23
22
25
21
25
26
27
20
19
22
22
24
26
139
139
140
140
141
142
142
143
144
144
143
144
147
150
146
141
122
97
72
63
62
63
59
51
48
43
43
46
46
46
50
52
49
46
69
70
47
39
36
35
47
72
78
57
64
65
69
44
129
171
163
148
136
142
145
144
141
136
131
123
121
117
124
120
118
108
95
85
80
74
69
67
70
67
67
74
80
72
62
59
57
50
59
72
70
44
23
24
22
26
22
26
26
29
21
19
20
21
22
23
138
138
139
139
140
141
142
143
139
142
145
145
141
126
102
81
69
63
58
56
55
58
60
58
50
45
44
46
47
47
47
45
51
56
70
56
38
38
37
34
57
76
77
56
61
65
67
45
116
172
160
150
138
141
149
147
140
137
133
131
130
117
120
123
124
124
113
102
95
81
69
70
69
71
72
76
79
71
60
59
58
52
61
72
68
31
23
25
25
25
21
25
23
27
22
22
20
20
20
20
137
137
138
139
140
141
142
142
145
142
129
107
85
71
64
60
58
58
59
58
60
64
61
52
48
43
42
41
41
44
48
49
50
72
59
41
38
35
37
36
65
80
74
53
56
66
66
47
99
173
158
154
144
141
153
152
151
143
129
126
136
126
116
105
104
113
110
103
98
81
67
72
73
76
73
72
76
72
61
58
57
56
62
64
58
21
24
23
26
23
22
30
26
26
22
22
20
19
18
17
136
137
137
138
138
135
137
146
131
99
77
70
62
59
58
53
55
55
56
56
57
60
58
51
47
46
38
40
41
42
50
45
64
67
45
39
36
33
34
43
76
73
76
61
51
60
68
50
86
163
165
155
145
148
148
146
149
150
138
124
127
135
128
114
112
97
85
85
86
76
69
72
76
71
71
76
80
72
57
53
58
60
62
63
40
21
26
24
27
23
23
26
27
26
24
22
23
20
17
16
135
135
138
135
135
144
134
102
76
69
69
72
65
58
57
56
55
54
54
54
55
57
54
46
42
41
41
36
41
44
44
63
76
49
37
34
35
33
37
61
72
75
78
58
54
62
69
47
70
159
165
153
150
151
152
147
146
147
140
131
128
127
123
119
123
105
88
76
82
73
71
74
74
74
78
81
78
67
58
63
61
59
59
53
32
20
24
23
23
21
23
26
25
24
23
21
20
19
18
17
135
136
134
136
140
127
97
74
68
67
69
72
70
64
58
55
54
51
50
50
50
51
48
41
39
37
40
36
39
44
50
73
56
37
36
32
34
35
54
78
64
61
61
42
51
59
68
52
57
149
165
151
151
150
152
145
143
142
141
143
144
136
129
128
124
104
88
77
90
75
71
75
77
80
84
85
76
62
59
68
64
57
53
38
22
21
24
24
22
21
24
27
24
23
25
25
21
20
19
18
133
135
133
136
129
92
66
72
70
67
62
63
69
70
65
61
54
49
45
44
44
45
43
38
39
36
36
43
40
46
66
61
40
36
34
31
32
46
72
64
38
29
32
26
51
52
63
59
49
124
161
152
148
151
151
145
142
148
151
146
135
127
136
154
144
119
93
85
93
78
72
81
78
81
82
83
74
59
60
69
63
52
44
25
17
25
25
25
21
20
22
23
22
22
25
27
24
23
21
19
131
133
136
123
94
77
74
71
58
61
60
60
64
67
67
68
58
48
41
39
39
42
42
38
38
36
36
42
45
58
67
45
35
33
27
33
39
56
54
20
10
10
27
31
57
52
60
59
43
88
150
158
148
156
153
148
143
145
145
145
142
133
124
123
113
103
88
93
99
94
79
79
77
83
81
80
70
56
62
71
62
48
36
19
18
27
25
24
15
11
10
11
11
13
16
18
22
22
22
21
134
135
125
97
76
78
80
67
56
59
62
61
60
62
65
65
63
50
39
36
37
40
42
40
35
37
40
40
56
68
50
38
32
25
29
37
36
43
23
13
17
31
51
49
60
52
60
59
40
61
132
163
152
159
153
148
145
149
147
140
134
125
116
113
103
100
80
77
74
87
77
70
88
95
87
80
66
53
63
72
61
46
29
18
21
26
23
21
8
3
1
3
3
2
4
6
12
16
20
23
132
123
101
80
74
77
74
67
52
51
55
57
54
57
62
60
66
51
38
35
35
38
40
40
35
37
42
47
62
60
37
33
30
27
29
30
34
35
30
42
49
57
68
60
58
51
59
61
38
50
109
160
155
159
155
149
146
147
144
142
143
134
117
103
94
91
81
80
80
98
98
89
104
107
89
77
64
54
64
69
60
44
23
18
25
24
22
18
12
8
6
5
2
3
2
1
3
9
17
22
125
97
86
80
66
73
80
64
49
49
59
62
54
53
58
56
67
50
38
34
34
36
38
38
37
36
40
61
62
43
35
28
23
30
25
33
58
56
52
41
65
60
64
62
58
50
56
61
32
45
89
153
155
158
160
155
148
151
147
139
133
125
119
117
108
92
83
84
88
103
118
119
110
107
82
69
62
58
67
66
57
42
18
20
26
23
21
17
21
18
18
16
12
8
6
4
3
5
13
19
80
85
84
68
64
70
77
59
46
47
54
59
55
51
55
61
61
60
37
33
32
34
36
36
35
38
50
69
47
39
30
28
21
10
29
63
56
46
36
41
67
60
56
61
57
54
49
63
28
30
78
144
159
154
163
158
155
148
149
140
134
122
114
105
91
90
86
89
99
112
120
114
105
94
80
69
63
60
62
65
56
34
19
25
31
24
15
21
24
23
23
24
25
22
19
19
17
17
15
13
78
83
78
61
63
71
77
62
43
43
50
57
54
52
56
62
60
60
37
33
32
34
36
36
37
42
62
60
48
31
25
17
9
14
41
58
47
38
39
50
65
59
56
60
58
57
52
63
28
10
42
111
152
163
162
152
160
151
145
134
134
130
118
98
80
76
71
74
88
108
122
119
113
95
79
71
65
64
64
61
53
35
28
32
30
23
16
22
24
23
24
24
25
24
23
23
25
24
21
17
79
84
72
54
62
69
73
60
41
40
46
54
53
51
55
60
60
59
37
33
32
33
35
36
38
52
66
47
35
18
16
6
3
25
55
50
39
35
45
61
64
61
58
60
59
62
55
61
17
16
26
30
53
106
144
160
159
159
154
135
129
125
117
96
84
80
77
83
101
127
140
138
128
99
77
69
63
67
69
60
37
26
34
36
29
24
23
26
26
26
26
25
25
24
25
27
28
27
24
22
80
84
67
48
62
69
69
59
43
39
44
52
53
50
52
56
60
58
36
33
32
33
35
35
42
63
58
40
17
12
6
5
4
36
60
41
36
34
49
65
66
65
62
62
61
66
56
57
22
6
18
24
20
23
48
102
145
155
156
138
127
123
124
108
87
84
88
98
119
144
150
144
116
91
86
92
85
77
61
34
18
13
34
36
27
24
29
29
29
28
27
25
23
23
26
28
29
28
26
24
