171 166 166 171 174 173 174 178 178 179 181 176 164 172 166 166 166 181 181 182 169 151 126 120 124 123 114 111 132 167 193 205 198 199 199 192 183 181 180 179 170 173 174 172 170 171 170 167 164 158
172 165 163 167 171 171 172 174 175 179 174 172 178 163 168 175 183 164 143 115  94  87  65  53  39  47  42  41  48  54  92 155 203 208 203 206 196 197 189 182 176 178 181 182 183 185 186 186 180 175
158 154 153 156 158 159 161 165 171 167 168 167 164 167 164 159 150 109  96  83  72  60  41  35  28  29  25  22  26  29  31  35  75 156 190 180 180 174 170 162 161 161 163 166 167 167 169 171 172 169
151 152 153 153 151 150 155 162 160 166 165 163 163 158 155 151 112  77  68  63  57  36  25  27  22  18  22  25  19  16  19  21  22  28 101 165 164 157 151 159 152 150 149 151 151 150 151 156 159 158
163 164 164 162 160 160 164 167 169 170 169 163 168 164 164 114  87  89  76  63  69  67  72  64  54  59  47  31  28  23  17  23  21  26  17  70 158 160 160 160 158 154 153 155 155 153 156 161 166 166
177 176 174 175 179 183 184 183 193 188 188 185 179 186 139 111 131 150 132 119 131 141 149 134 137 134 135 131 101  54  23  17  21  19  20  10  85 165 154 164 162 159 157 158 156 154 155 159 166 166
169 170 170 173 178 184 186 185 187 195 190 195 192 173 135 201 243 240 214 197 187 182 177 163 156 156 165 160 135 111  74  30  15  19  25  23  15 153 179 169 174 172 170 168 163 158 155 155 155 154
143 148 152 151 152 156 160 163 159 161 161 163 164 151 222 255 250 238 225 218 197 188 172 158 146 141 132 129 129 115  88  67  29  13  21  18  10 103 205 190 188 187 186 183 177 169 164 161 153 152
129 132 135 135 132 131 133 136 130 137 127 127 125 208 253 249 243 219 216 209 195 176 166 145 135 128 124 122 117 111  98  79  39  17  21  19  11  51 173 174 169 170 172 171 167 161 158 159 151 150
121 126 131 132 128 123 123 126 129 129 121 118 154 224 247 235 225 202 197 193 184 165 152 133 121 118 119 118 113 109  96  78  41  15  17  21  12  30 138 145 138 139 142 143 141 139 139 142 139 139
115 119 126 130 125 116 113 115 125 123 123 117 189 237 243 231 212 193 184 179 172 153 135 119 111 106 105 104 101 102  93  76  52  24  17  20  14  20 121 139 125 127 130 132 132 130 131 133 133 132
115 115 120 128 128 121 116 117 119 117 118 125 209 233 240 229 204 194 181 170 162 143 123 109 102  95  92  91  92  96  90  75  47  28  18  19  19  19 111 133 122 125 128 130 129 128 128 128 132 131
120 115 116 124 130 126 121 119 119 116 111 140 218 226 238 223 198 195 180 164 150 136 116 104  93  89  92  95  93  92  87  76  56  39  21  16  19  13 101 131 120 121 123 123 122 122 122 123 127 127
129 121 117 121 125 122 116 112 114 115 111 153 216 214 233 219 207 204 185 167 150 139 120 108 104 100 103 104  94  87  84  80  76  55  28  19  19   9  97 137 124 124 122 119 117 118 120 122 122 122
134 129 126 125 124 120 115 112 111 117 116 153 213 214 233 224 224 211 190 177 164 156 138 126 125 114 111 111 101  90  85  80  71  60  37  25  25  12  95 129 122 122 120 117 116 118 120 120 121 121
133 134 135 134 131 127 125 125 128 127 124 155 227 234 245 238 230 210 187 184 176 173 156 146 133 116 112 118 114 101  88  76  71  67  43  22  21  17 101 129 114 117 118 118 120 122 123 123 123 123
132 134 137 139 138 135 133 134 134 138 131 162 227 235 245 217 200 181 167 173 168 147 109  60  50  37  58  91  93  89  95  81  74  67  46  24  19  29  99 135 123 112 115 114 116 123 123 121 120 120
131 129 128 129 129 128 129 130 130 131 134 164 160 139 132 145 162 159 131 150 126  71  25  14  20  44  58  60  66  65  79  91  72  67  53  26  31  62  78  64 129 121 114 110 112 118 121 123 119 119
129 126 124 126 128 129 130 131 128 125 127 161 159  81  81 107 135 151 119 111  81  52  36  57  79 111 103  75  73  70  72  77  79  78  63  39  44  75  65  32 116 126 116 115 118 118 121 120 120 120
127 126 128 131 133 132 130 130 131 126 122 156 203 176 116 108 130 141 125  86  58  52  59  83  83  77  57  53  51  58  62  66  75  79  64  58  61  58  67  68  91 125 119 121 126 124 125 122 120 120
123 124 128 131 131 128 125 123 125 124 127 143 172 142  84  73 120 170 167 107  75  68  53  28  78  40   7  27  20  33  48  72  83  81  69  63  65  35  41  64  81 130 125 125 128 129 132 129 128 130
116 117 121 124 125 123 122 122 122 125 125 129 116 167  47  17  73 193 216 145  91  82  83  65 118  95  54  58  53  74  81  96  91  77  76  61  78  67  58  72  85 139 135 133 131 133 132 132 135 138
114 113 114 118 120 121 120 121 121 120 115 158 191 196 114  85 162 214 226 160 118 106 109 113  97  98  78  79  90 113 110 100  90  73  73  54  63  80  78  75  92 139 137 136 130 128 122 125 126 128
117 115 113 116 118 118 116 114 114 119 104 155 212 154 139 173 229 210 230 145 114 116 121 131 125 118 116 127 132 129 119  99  81  73  71  63  53  77 103  96  96 132 127 128 121 118 111 119 119 120
113 112 112 111 109 106 105 106 109 107 100 159 233 215 206 231 229 219 217 138 124 110 109 130 137 129 126 129 127 118 102  88  79  73  67  48  48  78 105 104 118 122 118 119 118 112 119 120 122 120
110 105 103 106 109 109 109 110 108 109 106 155 229 225 233 244 214 231 202 133 118 115 100 129 150 144 134 124 114  99  81  70  65  64  66  32  43  62  65  97 126 115 112 114 109 116 124 136 129 127
113 108 105 106 106 104 104 106 104 113 108 132 213 237 241 218 211 237 181 121 119 133 100  96 133 137 129 116 105  89  72  65  67  61  49  41  46  20  35  97 120 123 122 120 113 122 126 134 134 132
111 113 114 111 107 106 108 111 114 114 109 124 192 221 224 217 233 231 164 120 139 155 123  78 102 117 118 108  98  82  64  59  61  59  34  39  39  27  34  71 148 138 131 130 114 112 123 119 129 128
115 120 120 113 109 111 113 112 115 116 111 114 166 197 182 194 194 170 112  93 121 125 101  58  79  97 102  95  89  76  60  56  57  37  38  36  39  23  43  50  31 106 150 134 133 131 124 130 126 125
117 119 116 110 109 114 113 108 110 122 120 111 147 180 158 173 126 121  84  54  34  33  46  60  75  86  88  82  78  71  61  57  49  35  38  39  28  20  95 155   5  22 112 154 141 138 133 136 133 132
113 113 114 117 122 125 124 121 126 131 133 133 147 159 175 225 230 172 118  79  33  31  49  72  83  84  81  74  69  62  52  44  37  32  32  34  22  35 212 154   9   6  72 150 142 142 139 140 135 134
121 123 129 137 139 134 132 133 138 139 140 141 150 155 193 235 204 102  79  80  36  23  50  76  80  76  73  70  65  58  46  33  27  35  27  28  21 139 112   5  17  12  24 127 144 137 132 126 127 126
139 145 149 147 142 137 133 131 135 140 132 140 135 148 180 167 103  88  55  86  78  28  24  35  38  35  53  67  57  46  40  27  28  32  26  14  61  60   1  16  16  15   9  88 147 134 131 128 130 127
141 142 141 139 137 135 131 128 134 126 127 130 118 137 150  58 103 148 150 197 129  65  46  42  26  16  30  52  50  38  31  25  28  25  19  16  12  10  13  16  16  10  13  58 157 140 133 142 139 136
128 126 123 123 126 127 124 119 116 114 115 117 119 125 138  67 111 158 120  80  41  29  37  29  25  19  28  42  41  30  23  22  24  21   8  17  14   9  21   8  12  18  14  18 137 147 143 143 144 141
121 118 117 120 124 125 120 114 111 115 110 113 126 115 131 137 183 201 180 126 124  93  66  52  37  47  49  42  31  23  18  17  14  17  10   9  17  13  11  16  13  16  15  10  57 147 147 143 149 148
121 119 119 122 124 122 117 113 114 112 115 118 122 120 125 138 187 163 132 112 109  89  52  41  47  60  57  37  22  16  14  14  14   9  14  13   8  10  11  14  15  11  15  16  13  74 156 155 158 158
121 121 122 123 124 123 122 123 118 119 126 126 123 130 129 128 157 163 113  72  48  39  35  41  52  50  40  27  18  14  12  15  14  11  10  17  16  13  17   8  12  15  15  13  21   7 108 174 160 157
127 128 131 133 134 134 137 141 134 139 139 137 137 133 136 120 128 173 159 130 121  93  70  60  57  42  26  20  17  14  13  14   9  16   9  11  12   6  14  17  13  14  16  16  14  18  23 146 160 151
132 134 138 141 141 141 144 148 147 143 140 145 149 141 146  93 115 169 191 165 135 122  94  74  64  44  25  17  14  14  13  10  14  12  12  13  12  12  12  12  17  15  12  19  15  18  12  72 166 152
130 134 138 140 140 142 142 141 141 138 138 144 144 137 127 113 120 131 146 134 101 110 104  63  37  25  20  10  18  13  12  13  15  13  13  12   9  11  14  15  11  14  15  14  16  19  18  13 121 170
137 136 136 136 135 132 131 133 135 129 131 133 133 138 131 112 106 127 125  81  47  66  66  27  23  16  12  17  11   7  13  12   9  11  13  12  13  15  12   5  13  14  15  16  16  16  14  13  35 139
134 130 128 130 129 125 126 131 131 126 134 132 132 137 119  97 108 136 109 133 126  47 174 141  53  34  29  16  26  13  15  10  17  12  10  14  14  11  13  18  14  14  15  17  17  15  14  16  11  61
130 128 128 132 133 132 135 139 133 131 139 137 138 130  99  88 119 128 130 153  98  27 147  97  38  29  31  43  55  62  28  10   8  13  13  10  10  12  12  11  13  14  16  16  15  15  16  18  20  14
128 131 134 134 134 135 135 135 132 131 132 130 136 116  87 103 134 126 145 136  26  86  86  37  24  27  62  68  74  74  87  56  12  14  12  10  13  13  13  17  18  23  23  16  13  16  17  15  14  19
131 137 140 138 135 133 131 129 128 127 122 122 127 103  86 119 136 138 142  87  91  86  60  47  41  79  65  73  81  81  88  71   8  22  23  12  10  16  24  34  35  39  34  22  16  18  17  13  16  19
143 146 149 147 141 135 134 135 129 129 122 121 118  99  98 129 140 136 135 109  94  67  56  52  85  78  82  93  96  90  89  20  24  62  69  43  38  54  55  45  49  49  41  27  19  18  17  13  16  12
148 148 149 148 140 131 131 136 137 134 126 120 109 100 116 140 134 147 117  98  70  64  72 101  84  87  93  78  69  66  49  25  71  77  71  65  66  60  52  52  53  48  39  28  19  16  14  13  14  16
141 134 133 132 132 131 126 127 125 126 126 122 110 110 130 141 140 128 101  84  83  83 104  91  94 106 105  32  33  57  56  83  80  73  68  65  59  54  53  52  56  48  41  21  17  15  15  13  14  14
131 124 123 122 122 122 117 120 124 124 123 120 111 115 134 142 136 114  96  85  91 103 106  96 113 106  91  23  72  85  87  80  82  74  68  64  59  56  56  55  50  42  36  17  14  13  14  13  14  14