211
211
210
209
209
208
208
208
210
210
209
209
208
208
208
208
207
208
208
208
208
207
207
206
207
206
205
204
203
203
202
201
201
199
198
201
196
191
193
194
189
194
190
194
193
199
193
194
192
196
194
195
196
195
197
193
193
191
188
188
190
199
189
197
194
192
196
197
197
195
203
195
198
199
200
201
201
202
202
202
204
203
204
206
206
204
204
205
206
206
206
208
209
207
207
208
206
206
206
205
213
212
212
211
210
210
210
210
211
211
210
210
210
209
209
209
209
209
209
209
209
209
208
208
207
206
204
203
203
202
201
200
203
202
196
190
198
195
196
195
194
193
201
193
196
171
156
142
143
152
160
163
146
130
142
160
172
190
203
200
194
192
196
195
197
200
198
196
200
198
198
197
198
199
200
201
201
202
202
202
204
204
205
206
206
205
205
205
206
206
206
208
208
207
206
207
207
207
207
207
214
214
213
212
212
212
211
211
212
212
212
211
211
211
210
210
211
210
210
210
209
209
209
209
208
207
205
204
204
203
201
200
198
193
197
196
196
193
195
188
169
154
148
117
102
57
41
26
27
24
24
31
26
17
28
41
56
93
137
161
171
176
203
201
202
193
198
203
198
199
197
193
198
199
200
201
202
203
203
204
206
205
206
207
207
206
206
206
206
206
206
208
208
206
206
207
206
206
206
206
214
214
213
213
212
212
212
212
213
213
212
212
212
211
211
211
211
211
210
209
209
209
209
209
208
207
206
204
204
202
201
199
199
195
196
196
196
196
150
91
34
32
34
29
20
9
10
12
11
12
9
9
7
7
15
19
16
18
33
44
49
67
110
126
147
187
209
200
196
201
196
203
198
199
200
201
202
203
204
205
206
206
206
207
208
207
206
207
207
206
207
208
208
207
206
207
206
206
206
206
214
214
214
214
213
213
213
212
213
213
213
212
212
212
211
211
212
211
210
210
209
209
209
209
207
206
205
204
203
201
199
198
192
198
195
191
160
114
48
24
14
15
15
17
9
14
17
19
7
15
14
11
9
12
17
15
15
10
21
28
19
24
24
26
41
93
167
201
198
199
203
197
199
199
200
201
203
204
205
206
206
206
206
207
208
207
207
208
208
208
208
209
209
208
207
208
209
208
208
208
215
215
215
215
215
215
214
214
214
214
213
213
213
212
212
212
213
213
212
211
211
211
210
210
209
208
206
205
204
202
200
198
198
199
197
141
49
34
30
15
28
19
16
10
13
18
26
20
17
14
7
8
12
15
19
15
13
12
15
14
14
32
31
37
19
35
67
113
165
187
202
199
200
200
201
202
203
204
206
206
206
205
206
207
208
207
208
209
209
208
208
209
209
209
208
209
209
209
208
208
216
216
216
216
216
215
215
215
215
215
215
214
214
214
213
213
213
213
213
213
212
211
211
211
209
208
207
206
204
202
199
198
195
167
120
58
28
23
20
34
29
16
20
16
23
23
32
24
24
23
16
14
10
8
14
17
10
17
14
11
20
27
25
32
28
31
39
30
39
83
179
209
200
201
201
202
203
205
206
206
206
205
206
207
208
208
209
210
209
208
208
210
210
209
209
210
209
209
208
207
216
216
216
216
216
215
215
214
216
216
216
216
215
215
214
214
213
213
213
213
212
212
211
210
207
206
205
203
202
199
197
195
125
70
56
34
23
17
26
27
24
11
12
12
12
12
23
24
10
15
12
13
13
12
12
6
8
16
6
8
27
17
21
30
24
21
36
45
45
48
142
192
201
201
201
202
203
205
206
207
206
205
206
208
209
209
209
211
209
208
208
210
210
209
209
211
210
210
209
209
216
216
216
216
216
215
215
215
216
216
216
216
216
215
215
214
215
214
214
213
212
211
211
211
209
211
202
202
203
205
198
131
49
42
43
42
26
20
9
15
21
9
6
9
8
10
15
16
9
8
10
13
11
9
8
6
10
12
9
13
24
23
17
20
22
21
37
39
42
41
80
156
204
200
204
202
204
204
209
206
205
206
206
207
208
209
209
209
210
210
211
210
210
211
212
213
212
211
210
210
217
217
217
216
216
216
216
216
216
216
216
216
216
215
215
215
215
214
214
213
212
211
211
211
208
210
208
202
201
195
158
93
40
38
33
29
18
13
14
15
10
9
11
13
11
11
11
9
12
13
15
11
7
8
12
11
8
14
17
22
26
23
23
30
35
14
12
20
46
40
42
88
175
204
201
203
207
203
205
207
206
207
207
207
208
209
210
211
210
211
211
211
211
211
212
213
213
212
211
211
218
218
218
218
217
217
217
217
216
217
217
217
216
216
215
215
215
215
214
213
213
212
211
211
209
204
205
205
207
180
104
47
38
31
20
20
17
8
15
10
8
13
14
10
9
8
8
10
21
15
11
9
9
11
11
7
14
11
13
23
30
30
28
28
32
21
36
29
33
41
39
44
112
195
203
202
207
205
207
208
208
208
208
209
210
211
212
212
211
211
212
212
212
212
213
214
214
213
212
212
219
219
219
219
219
218
218
218
217
217
217
217
217
216
216
216
215
215
215
214
213
212
211
211
212
208
206
205
190
136
68
54
40
25
17
20
25
13
14
7
10
16
13
9
8
7
7
13
21
10
7
11
13
12
9
7
6
6
13
19
17
15
20
25
32
13
31
34
38
46
43
41
84
182
211
204
210
205
206
208
210
210
210
211
211
211
212
212
211
212
213
213
213
213
214
215
214
213
213
212
220
220
220
220
219
219
219
219
218
218
218
218
217
217
216
216
216
216
215
215
214
212
211
211
210
208
200
208
197
122
55
45
40
27
29
23
26
22
17
11
11
13
13
14
15
10
6
12
9
9
12
13
11
12
15
15
9
10
15
18
15
14
20
26
28
23
26
28
52
56
51
63
78
153
208
203
210
203
206
210
209
210
211
211
211
210
209
209
212
213
214
214
214
214
215
216
215
214
213
213
220
220
220
220
220
220
220
219
218
218
218
218
218
217
217
217
216
216
216
215
214
213
212
211
208
215
206
205
187
104
55
51
40
39
44
26
18
22
17
14
13
11
10
14
16
12
9
12
9
15
16
9
7
17
20
13
17
16
15
16
19
22
24
26
17
30
38
32
37
40
58
73
55
124
210
205
205
206
211
210
209
210
210
211
210
209
208
207
212
213
214
215
215
215
216
216
216
215
215
215
220
220
220
220
220
220
220
220
218
219
219
219
218
218
217
217
216
216
216
216
215
213
212
211
210
208
205
206
196
107
51
33
40
42
40
27
13
15
16
14
15
9
7
9
10
12
14
15
13
13
12
7
9
17
18
10
9
19
21
16
14
15
20
28
34
25
35
51
41
33
64
68
47
108
204
213
207
209
211
208
211
211
210
210
210
210
210
210
212
213
214
215
215
215
216
217
217
216
215
215
220
220
220
220
220
220
220
219
219
219
219
219
218
218
218
217
217
217
216
216
215
213
212
211
214
203
207
206
191
97
46
37
36
35
24
29
16
11
16
17
12
7
7
7
6
12
17
13
8
4
7
12
11
10
13
16
16
25
22
16
21
23
22
25
24
23
23
37
38
34
58
45
49
82
166
207
211
207
206
214
213
212
211
211
211
212
213
214
212
213
215
215
215
216
216
217
216
215
214
215
220
221
221
222
222
221
220
219
219
219
219
218
218
217
217
216
217
217
216
215
214
212
211
211
209
209
205
209
186
92
55
38
47
42
34
21
32
17
16
24
13
8
17
4
13
5
19
15
12
7
9
18
21
16
12
13
17
16
13
21
21
28
26
15
19
20
29
40
43
39
52
37
43
60
105
205
208
212
207
210
213
213
213
213
212
212
212
213
215
215
215
215
216
216
216
216
217
217
217
216
221
221
221
221
221
220
220
220
220
220
219
219
218
218
217
217
216
216
216
215
214
213
212
211
209
208
205
204
170
74
44
24
29
29
27
28
37
26
21
29
25
11
18
8
7
3
20
14
7
6
11
17
16
11
10
10
19
17
15
25
20
22
26
27
26
27
27
28
37
50
56
36
47
64
111
210
209
210
210
212
212
213
213
213
213
212
213
213
215
215
216
216
216
216
217
217
217
217
217
217
222
221
221
220
220
220
220
220
220
220
220
219
219
218
218
218
216
215
215
215
214
213
212
212
208
207
207
211
166
77
53
27
20
27
26
26
28
26
18
18
22
9
16
13
4
2
12
3
5
4
9
13
11
13
14
9
12
15
12
18
16
24
27
21
20
33
33
23
27
49
40
19
41
60
103
204
207
207
210
213
212
213
213
213
213
213
213
214
215
216
217
217
216
216
217
218
216
217
217
217
222
222
221
221
221
221
221
221
221
220
220
219
219
218
218
218
216
216
215
215
214
213
212
211
212
209
206
214
149
75
56
30
25
25
24
23
25
24
24
26
16
14
18
16
8
7
8
2
8
4
6
8
11
21
22
12
5
12
10
16
17
24
24
18
14
31
33
26
30
56
37
23
47
65
91
191
211
209
208
210
212
213
214
214
214
214
215
215
216
217
218
218
217
216
217
218
217
217
217
217
221
222
222
223
222
222
221
220
220
220
220
219
219
218
218
218
217
217
216
215
214
212
211
211
213
211
203
205
117
69
60
44
46
31
30
24
23
8
13
18
16
23
15
5
4
7
5
8
8
8
10
10
13
21
22
13
13
14
13
26
22
16
20
32
23
28
24
23
31
59
37
33
48
63
67
166
213
213
209
214
213
214
214
215
215
215
216
216
216
217
218
218
217
217
217
218
217
217
217
217
221
222
223
223
223
222
221
220
220
220
220
219
218
218
218
217
217
217
216
215
214
212
211
210
207
213
209
195
94
73
72
61
49
41
43
27
24
19
29
23
19
27
12
0
5
7
3
10
7
14
18
16
15
15
15
14
25
25
18
24
21
19
23
34
22
24
21
21
26
48
33
36
48
61
52
151
211
211
211
216
213
214
215
215
215
215
216
217
216
217
217
217
217
217
217
217
217
217
217
217
221
222
222
222
222
221
220
220
220
220
220
219
219
218
218
217
217
217
216
216
214
213
212
211
208
215
214
173
78
84
90
73
61
54
48
22
8
11
20
7
32
31
17
7
17
15
10
14
9
18
20
19
19
14
12
20
29
38
27
24
24
28
25
22
10
20
24
23
24
43
39
43
58
70
63
162
214
207
211
210
213
214
215
215
215
215
215
216
217
216
215
216
217
218
217
217
217
217
217
218
222
221
221
220
220
220
220
220
220
220
220
219
219
218
218
218
217
217
216
216
215
214
213
212
211
213
208
149
71
102
120
98
88
66
51
36
13
10
20
23
42
28
16
11
20
17
16
17
14
20
18
17
23
18
16
28
31
44
40
40
34
29
22
22
14
22
21
16
17
38
38
34
48
63
69
174
215
206
215
210
213
214
214
214
214
214
215
215
216
215
214
215
217
218
217
216
217
217
217
218
220
220
220
221
221
221
221
221
220
220
220
219
219
219
218
218
218
217
216
215
214
214
213
213
212
212
211
127
73
113
134
130
131
98
71
49
29
34
51
52
43
37
14
16
29
31
33
22
29
18
12
15
15
29
26
21
39
47
52
58
47
30
27
20
29
26
25
21
21
37
42
25
52
62
72
169
212
212
213
213
214
214
214
214
214
215
215
215
217
216
216
217
217
218
218
219
219
219
219
219
220
220
220
220
220
220
221
221
219
219
219
218
218
217
217
217
217
217
216
215
214
213
213
213
210
213
206
120
87
127
136
135
136
128
111
86
75
89
87
60
53
21
5
21
25
41
69
64
41
28
27
35
32
39
44
57
61
59
62
79
73
47
40
42
35
36
34
36
41
40
38
43
50
57
74
173
214
212
211
214
214
214
214
214
215
215
215
215
216
216
216
217
217
218
218
218
218
218
218
218
220
220
220
220
220
220
220
220
220
220
220
219
218
218
217
217
217
216
216
215
214
213
213
213
214
215
195
101
87
129
128
135
136
131
118
104
104
112
96
64
51
28
35
65
70
87
119
115
84
73
72
76
67
65
69
84
83
76
75
91
90
61
50
58
56
56
48
40
39
40
42
49
59
55
69
173
214
214
213
214
214
215
215
215
215
215
215
215
216
216
216
217
217
218
218
219
218
218
218
218
220
220
220
220
220
220
220
220
221
220
220
219
219
218
218
217
217
216
216
215
214
214
214
214
215
214
195
104
94
135
136
150
152
136
113
102
105
103
87
70
67
73
81
95
104
112
126
127
121
111
103
92
85
86
84
88
87
88
86
91
91
72
61
69
71
61
54
43
32
42
54
50
63
59
70
184
213
214
214
213
215
215
215
215
215
215
215
215
217
217
217
217
217
218
218
219
218
218
218
218
220
220
220
220
220
220
219
219
219
219
219
218
217
217
217
216
217
217
216
216
215
215
215
215
215
215
212
136
111
138
139
153
171
156
125
101
99
102
93
81
83
99
102
105
116
122
124
127
114
105
93
77
77
84
84
84
83
91
94
93
91
79
71
78
76
65
64
60
46
43
48
46
52
65
90
207
214
210
213
213
215
215
215
215
215
215
215
215
217
217
217
217
217
218
219
219
218
218
218
218
220
220
220
220
219
219
219
219
219
219
219
218
218
217
217
217
217
217
216
216
216
216
216
216
216
217
222
166
120
129
132
148
174
161
134
111
108
113
111
105
108
109
112
118
124
128
127
123
114
106
98
82
81
77
74
76
83
92
101
99
93
81
71
77
72
78
76
67
62
54
48
50
51
68
116
216
213
211
215
215
215
215
215
215
215
215
215
214
216
216
216
217
217
218
218
218
217
217
217
217
220
220
220
219
219
219
219
219
219
219
219
219
219
219
218
218
217
217
216
216
216
216
216
216
215
216
222
187
133
129
133
157
163
144
120
104
99
101
103
104
103
91
87
83
77
78
78
74
77
75
76
69
76
73
72
78
83
92
107
106
103
99
90
89
77
81
76
70
73
74
69
67
59
69
146
215
213
215
214
216
215
215
215
215
214
214
214
214
215
215
215
216
216
217
217
217
217
217
217
217
220
220
220
219
219
219
218
218
218
218
218
218
218
218
218
218
217
216
216
216
215
215
216
216
215
218
221
199
142
128
127
155
182
161
133
109
99
102
104
100
107
107
107
101
98
100
99
100
93
89
83
65
69
66
65
67
79
91
111
113
118
131
127
120
106
82
76
85
83
81
78
70
59
67
176
219
215
213
208
215
215
215
215
214
214
214
214
214
215
214
214
215
215
216
216
217
218
218
218
218
220
220
219
219
219
218
218
218
218
218
218
217
217
217
217
217
215
216
216
216
215
215
215
215
216
217
219
215
142
124
140
151
156
149
130
119
110
104
113
114
119
123
123
119
117
120
123
123
122
117
95
80
82
78
72
77
83
97
110
117
122
129
140
152
149
124
92
80
69
72
52
70
60
84
203
222
206
217
213
216
216
216
216
216
215
214
215
216
213
214
214
214
215
215
215
215
216
217
217
217
220
220
220
219
219
219
218
218
218
218
218
218
217
217
217
217
216
216
217
216
215
215
215
216
215
224
217
203
136
126
139
167
158
137
114
115
117
111
110
105
106
108
103
90
84
87
88
84
90
85
72
65
64
61
62
73
76
97
111
114
123
139
150
154
161
157
111
92
81
75
69
67
57
110
206
210
218
218
215
216
216
217
217
216
215
215
215
216
215
215
215
215
215
215
215
215
216
216
217
217
221
220
220
220
219
219
219
218
219
218
218
218
218
217
217
217
216
217
217
216
216
215
216
216
221
217
219
199
130
136
145
153
175
153
123
110
114
123
126
115
115
120
122
115
106
107
120
132
132
107
84
80
84
82
81
83
100
101
103
111
121
129
141
155
163
174
129
90
84
81
80
65
85
136
112
114
179
219
222
218
217
217
217
216
216
215
216
216
216
216
216
216
216
215
215
215
216
216
217
217
221
221
220
220
219
219
218
218
218
218
218
218
218
217
217
217
216
217
217
216
216
215
216
216
215
214
224
175
94
106
124
123
128
132
128
116
115
127
128
111
104
103
99
93
93
104
118
128
123
106
97
100
99
94
91
87
95
105
109
109
118
133
147
157
160
167
142
80
75
85
76
61
93
83
104
114
143
219
219
219
218
218
218
217
216
216
216
216
216
216
216
216
216
216
216
216
215
216
216
217
221
221
220
220
219
219
218
218
218
218
218
218
217
217
217
217
217
217
217
216
215
215
216
217
213
220
216
136
67
67
64
54
61
82
108
114
109
117
124
120
107
101
93
93
103
108
90
65
43
39
44
48
45
46
46
41
78
96
110
115
121
132
148
161
165
166
153
83
73
84
76
55
44
108
157
76
102
215
219
218
219
218
218
217
217
217
217
216
216
216
216
216
217
217
217
217
215
216
216
217
222
221
221
220
220
219
219
218
219
218
218
218
218
218
217
217
217
217
217
216
216
216
216
217
218
217
216
155
106
106
89
59
49
41
49
63
88
121
129
119
112
100
98
107
101
71
38
22
18
17
19
17
13
18
22
18
28
46
78
116
143
151
154
162
169
172
156
98
77
83
97
62
72
112
130
88
102
212
227
219
220
219
218
217
217
217
217
216
215
215
216
216
217
217
217
217
216
216
217
217
223
222
222
221
220
220
219
219
219
219
219
219
219
218
218
218
218
218
218
217
216
216
217
218
217
214
226
203
156
154
139
117
97
73
59
45
48
83
120
138
128
105
94
94
69
31
23
42
47
55
64
62
56
57
63
64
56
63
72
92
126
156
166
163
168
171
153
106
76
86
128
88
107
77
97
123
111
219
215
224
220
219
218
217
217
217
217
216
216
216
216
216
216
216
216
217
216
216
217
217
223
223
223
222
221
220
220
220
220
220
220
219
219
219
219
219
219
219
219
218
217
217
218
219
219
221
218
210
163
129
75
58
60
39
54
77
86
97
113
132
128
104
83
72
58
45
53
73
85
81
78
81
90
100
101
98
99
96
97
114
139
155
164
170
169
166
151
105
70
92
149
112
91
85
104
141
130
224
224
218
220
219
218
217
217
217
217
216
216
216
216
216
216
216
216
216
216
217
217
217
223
223
223
223
222
221
220
220
220
220
220
220
220
220
220
220
219
219
218
218
218
218
219
219
223
215
227
208
152
106
64
127
159
37
0
25
77
120
137
143
123
89
81
72
68
70
73
72
62
39
21
22
26
34
58
76
91
104
121
128
137
149
160
175
176
164
157
118
89
117
141
81
26
52
77
123
174
223
221
221
220
220
219
218
217
216
216
215
216
216
216
216
216
216
215
215
216
216
216
217
224
224
224
223
222
222
221
220
221
221
221
220
220
220
220
220
219
219
219
218
218
219
219
219
215
222
222
210
153
147
115
131
187
82
27
25
33
77
146
161
130
87
79
79
77
65
49
34
25
13
43
68
24
12
0
28
50
58
83
109
126
132
144
168
179
166
158
131
131
135
109
49
22
33
79
117
190
227
226
221
220
220
219
218
217
217
216
215
216
216
216
216
217
217
216
216
216
216
216
217
224
224
224
224
223
222
222
221
222
221
221
221
221
221
221
221
220
219
219
219
219
219
219
220
219
227
221
208
140
149
139
120
119
101
85
86
54
62
156
179
153
87
75
87
79
48
30
29
29
63
114
138
50
11
36
102
34
33
51
79
98
109
130
164
185
163
161
150
140
132
100
31
34
65
120
133
215
227
223
218
221
220
220
219
218
217
216
216
215
215
216
216
217
217
217
218
216
216
216
217
225
225
225
225
224
223
223
222
222
222
222
222
221
221
221
221
220
220
220
220
220
220
220
220
220
219
224
216
146
146
168
162
128
83
67
58
75
114
158
184
181
105
87
98
88
58
53
66
58
69
89
123
113
82
78
94
83
76
76
78
85
99
124
158
177
168
158
149
132
147
116
24
36
102
125
139
222
225
222
225
221
220
220
219
218
217
217
216
215
215
216
216
217
217
218
218
216
217
217
218
226
226
226
225
225
224
223
223
223
223
222
222
222
221
221
221
221
221
220
220
220
220
221
221
224
218
226
216
142
138
164
173
141
101
78
80
104
128
160
176
168
109
90
88
83
73
73
77
69
53
65
64
71
67
68
92
113
109
105
96
94
106
129
157
171
173
158
153
139
132
69
36
104
149
120
167
226
223
220
222
221
220
220
219
218
218
217
217
216
216
216
216
217
217
217
217
217
218
218
219
226
226
226
226
225
225
224
224
223
223
223
223
222
222
222
221
222
221
221
221
221
221
221
222
222
223
224
218
146
161
172
170
148
106
112
118
132
154
171
186
156
114
101
92
86
82
86
93
97
66
58
62
63
72
80
88
102
101
103
101
104
117
140
168
182
171
162
157
138
112
35
70
143
147
117
205
228
221
224
221
221
220
220
219
218
218
217
217
217
217
217
217
217
217
217
217
218
218
219
219
226
226
226
226
225
225
224
224
224
224
224
223
223
223
222
222
222
222
222
221
221
222
222
222
222
225
224
219
149
169
175
152
137
110
111
131
158
175
189
186
153
119
107
96
89
81
88
106
104
91
77
87
85
89
99
94
103
103
104
101
108
126
150
175
187
170
159
143
133
130
77
96
141
137
157
234
228
220
225
219
220
220
219
219
218
218
217
217
218
218
218
217
217
218
218
218
218
218
219
219
226
226
226
226
226
225
224
224
225
225
224
224
224
223
223
223
222
222
222
222
222
222
222
222
223
221
225
222
157
162
179
147
129
121
143
155
191
204
179
180
149
122
107
89
89
89
90
99
114
106
98
81
93
107
103
110
106
109
108
100
109
136
159
178
180
168
150
146
139
118
91
104
121
134
197
233
222
223
225
218
220
220
219
219
218
217
217
217
218
218
218
218
218
219
219
220
218
218
219
219
227
227
227
226
226
226
225
225
225
225
225
225
224
224
223
223
223
223
222
222
222
222
222
222
222
222
227
225
166
147
172
166
156
158
150
147
192
197
177
157
133
120
108
90
87
90
79
87
102
114
114
106
99
102
110
108
106
103
97
100
120
148
172
187
176
150
142
143
137
100
110
121
138
160
231
227
228
222
219
223
220
219
219
218
218
218
217
218
218
218
218
218
218
219
219
219
218
218
218
218
227
227
227
227
226
226
225
225
225
225
225
224
224
224
223
223
223
223
222
222
222
222
222
222
224
224
227
227
186
146
168
172
169
151
129
127
174
191
158
132
123
105
103
98
85
84
80
72
86
102
110
110
107
106
108
103
93
95
97
106
128
157
177
184
168
150
144
145
134
101
106
115
124
173
234
224
225
225
219
218
220
219
219
218
218
218
218
218
217
217
217
217
218
218
218
218
219
219
219
219
227
227
227
227
226
226
226
225
225
225
225
224
224
224
223
223
223
223
223
222
222
222
222
222
224
223
225
227
209
148
155
173
171
150
121
110
140
167
143
123
107
98
88
98
112
94
69
57
73
90
100
106
107
102
99
93
85
90
101
115
136
162
174
169
149
144
144
147
134
115
119
127
123
174
233
229
223
222
221
219
219
219
219
218
218
218
218
218
216
217
217
217
217
218
218
218
218
218
218
218
228
227
227
227
226
226
226
226
226
225
225
225
224
224
224
223
223
223
223
223
223
223
223
223
223
222
224
226
224
163
142
167
164
138
107
105
123
132
135
135
120
107
95
97
97
87
81
52
67
81
87
93
97
93
90
88
88
90
106
124
140
158
164
153
143
147
148
149
130
121
122
128
124
171
231
227
224
221
218
222
219
218
218
217
217
217
217
217
217
217
217
218
218
218
218
218
217
217
218
218
228
228
227
227
226
226
226
226
226
226
225
225
225
224
224
224
223
223
223
223
223
223
223
223
225
223
227
227
231
190
140
159
164
141
104
120
165
175
182
148
127
118
105
99
100
102
115
89
61
75
79
85
92
89
89
91
93
92
108
128
139
149
152
145
141
149
152
148
126
122
119
123
113
160
227
221
227
222
214
220
218
218
217
217
217
216
217
217
217
217
217
218
218
218
218
218
218
219
219
219
228
228
227
227
227
226
226
226
226
226
225
225
225
224
224
224
223
223
223
223
224
224
223
223
225
224
227
227
230
214
153
151
152
143
104
116
155
157
181
149
94
93
89
97
111
107
136
150
59
75
79
83
90
87
86
90
97
96
109
126
132
135
138
137
138
146
152
146
126
125
121
124
114
123
197
232
224
218
222
216
218
217
217
217
216
216
217
217
216
217
217
217
217
218
218
218
218
219
219
219
228
228
227
227
227
226
226
226
225
225
225
225
224
224
223
223
223
223
223
224
224
224
224
223
224
225
225
227
227
226
175
146
157
152
119
126
124
94
131
148
102
84
87
77
52
45
91
105
63
81
81
81
85
83
84
90
99
104
113
123
127
128
131
135
145
147
151
139
121
119
116
121
120
91
137
220
221
216
226
216
218
217
217
217
217
217
217
217
217
217
217
217
218
218
218
218
218
218
218
219
228
228
228
227
227
226
226
226
225
225
224
224
224
223
223
223
223
223
223
224
224
224
224
224
224
226
223
227
227
230
194
146
155
162
136
148
155
135
132
113
84
78
62
26
26
39
59
42
68
86
83
77
81
81
87
96
99
109
119
124
128
131
135
141
145
141
142
126
111
110
111
119
113
91
83
181
220
222
216
217
218
218
218
217
217
217
218
218
218
218
218
218
218
219
219
219
219
219
220
220
228
228
228
227
227
227
227
227
226
225
224
224
224
224
223
223
224
224
223
223
223
223
223
223
224
223
226
224
225
230
220
156
155
159
151
171
158
155
152
106
37
32
69
40
42
55
67
79
96
90
85
77
76
83
85
87
102
107
118
121
120
131
138
131
135
137
129
106
90
95
107
110
100
81
68
95
176
218
218
219
215
219
220
218
217
219
219
218
217
215
216
220
221
219
218
220
220
220
220
221
228
228
228
227
227
227
227
226
226
226
225
225
225
225
224
223
223
223
224
224
224
224
224
224
226
223
225
226
227
229
227
181
144
157
162
162
149
151
156
118
67
53
100
95
82
80
88
96
92
88
86
78
75
78
81
86
88
96
106
108
108
116
118
110
114
120
109
86
78
93
107
109
105
73
67
67
70
149
215
220
217
218
214
215
222
218
214
221
221
222
221
219
217
217
219
222
220
220
220
220
228
228
228
227
227
226
226
226
226
226
225
225
225
225
224
223
223
223
224
224
224
225
225
225
226
223
223
227
228
228
232
212
152
150
161
154
154
151
143
102
77
86
116
103
86
75
72
80
85
83
85
81
80
83
81
84
89
95
100
102
106
112
110
103
101
104
89
66
70
94
110
112
102
81
75
77
60
76
133
203
222
222
223
218
214
221
224
215
216
218
219
219
220
221
219
216
219
220
220
220
229
228
228
227
227
226
226
226
226
225
224
224
224
224
224
223
223
224
224
224
224
225
225
225
225
224
222
226
227
226
233
229
180
145
147
145
166
158
142
111
102
100
93
80
87
95
83
77
76
74
75
74
83
93
91
87
91
93
96
102
108
107
100
95
100
91
68
54
68
94
110
115
91
89
82
58
55
62
85
110
173
211
228
222
221
219
216
222
223
222
220
219
219
220
220
220
219
220
220
220
228
228
228
227
227
226
226
225
226
225
225
224
225
224
224
223
224
224
224
224
224
224
224
224
224
227
224
225
226
227
230
232
210
159
140
127
144
135
131
121
108
73
57
61
66
80
83
77
75
75
76
74
85
102
100
92
89
93
100
108
108
97
87
86
90
67
45
46
68
92
108
117
108
91
79
57
55
64
76
77
95
131
186
220
223
221
223
220
217
217
219
222
220
218
219
223
220
220
220
221
228
228
228
227
227
226
226
226
227
226
225
225
225
225
225
224
224
224
224
224
224
224
224
223
224
228
225
226
226
229
227
229
231
178
118
73
72
78
101
106
94
65
55
53
47
48
52
60
50
59
71
76
91
109
107
99
93
97
105
108
100
89
85
87
66
43
32
45
68
92
111
121
109
93
67
51
49
68
69
72
71
79
92
130
187
219
222
224
222
220
219
221
223
221
219
218
220
220
221
221
228
227
227
227
227
226
226
226
227
226
225
225
225
225
225
224
224
224
224
224
224
224
224
224
224
227
225
228
226
230
226
230
228
202
137
98
93
107
127
118
83
69
64
51
50
49
35
30
27
35
52
68
90
109
109
104
95
95
97
94
86
81
77
67
40
29
34
49
65
91
115
120
119
65
45
60
60
75
77
69
71
73
76
78
91
129
179
211
224
227
226
221
219
221
222
219
221
221
221
222
227
227
227
227
227
226
226
226
226
225
225
225
225
225
224
223
224
224
224
224
225
225
225
226
224
224
224
228
225
230
226
232
235
225
157
129
127
151
178
167
133
116
131
118
98
94
82
61
53
47
51
63
84
101
101
99
96
92
91
86
80
79
63
34
22
25
40
51
59
87
113
112
88
41
46
71
79
73
78
76
74
73
75
81
84
82
94
117
169
201
227
229
221
221
222
220
221
221
222
222
228
228
228
227
227
226
226
226
226
226
226
225
225
225
225
224
224
225
225
226
225
225
224
224
222
227
225
223
229
230
227
227
233
238
193
138
140
140
161
164
133
117
132
97
79
79
72
61
56
60
62
66
78
89
93
93
94
89
83
82
77
54
27
15
21
27
37
44
57
80
86
71
42
27
57
74
81
82
83
84
80
80
81
86
89
85
82
85
87
114
158
199
222
226
223
221
221
222
223
222
228
228
228
228
227
227
226
226
226
226
226
225
225
225
225
225
226
225
223
223
224
225
226
226
229
229
226
226
228
227
230
238
230
186
136
148
136
135
130
129
106
84
92
81
74
61
59
56
61
68
72
71
73
82
89
90
85
89
87
71
45
21
15
23
25
27
26
29
44
56
52
41
36
33
60
75
82
86
89
88
86
88
90
92
93
89
83
83
89
83
86
110
147
185
214
230
224
226
225
224
229
229
228
228
227
227
227
227
226
226
226
225
225
225
225
225
222
223
224
227
228
228
225
223
226
219
227
230
223
230
226
197
150
118
114
152
154
136
117
93
63
53
57
59
64
55
62
62
59
62
68
71
72
81
88
87
90
86
65
32
13
16
20
14
15
15
11
21
44
51
42
38
34
44
64
75
81
83
86
83
83
91
96
98
99
96
90
88
89
90
90
85
85
100
132
160
203
216
230
232
229
229
229
228
228
227
227
227
226
226
226
226
225
225
225
225
226
225
224
223
223
223
223
223
224
224
226
231
225
190
145
120
125
128
138
141
161
142
125
91
74
76
71
51
50
51
56
51
55
52
59
66
71
84
95
92
86
51
21
14
17
21
21
15
15
12
15
33
53
54
45
42
39
53
66
75
80
77
77
74
76
90
100
101
101
100
96
94
91
87
84
84
85
89
95
100
117
146
184
208
229
229
229
228
228
228
227
227
226
226
226
226
225
225
225
225
224
225
226
227
226
226
227
228
224
232
231
196
140
108
111
123
129
136
125
127
149
167
159
146
141
129
108
69
60
63
58
57
58
59
66
69
74
91
96
83
41
20
11
19
22
21
21
21
18
15
28
49
56
52
46
40
44
56
64
76
80
74
71
71
75
93
104
104
101
100
97
96
96
95
93
91
87
87
90
94
104
111
121
129
229
229
229
228
228
228
227
227
226
226
226
226
226
225
225
225
225
226
227
226
225
223
223
223
229
231
183
123
108
113
115
121
114
113
109
119
128
160
173
175
166
128
96
71
66
64
58
69
64
71
77
78
86
95
78
44
15
19
22
21
20
25
25
19
17
21
41
58
54
51
51
47
51
57
65
76
76
72
65
68
80
96
107
105
102
101
100
100
96
95
94
95
96
95
93
91
97
102
111
119
229
229
228
228
228
227
227
227
226
226
226
226
226
225
225
225
223
222
223
225
228
230
229
228
218
182
137
106
101
113
119
112
92
84
97
102
108
130
163
173
162
120
84
78
77
68
66
73
69
73
78
82
85
76
49
23
30
25
22
27
30
26
23
26
26
40
56
60
52
48
51
53
57
59
69
76
72
73
62
67
87
100
107
106
105
104
104
104
100
100
99
97
96
94
92
91
89
94
101
106
229
229
228
228
228
227
227
227
227
226
226
226
226
225
225
225
223
224
226
223
211
187
158
138
126
120
117
113
112
119
121
114
93
73
76
90
97
107
124
138
149
121
88
88
85
73
74
68
71
70
75
80
69
43
31
38
29
32
30
28
33
33
30
32
30
53
63
56
50
48
51
61
59
61
74
77
71
77
66
72
96
104
108
106
106
105
103
102
103
101
99
99
100
100
97
93
89
90
94
99
229
229
229
228
227
227
227
227
226
230
225
226
226
224
228
222
226
227
211
167
123
97
88
94
113
120
120
115
119
126
123
116
101
83
84
76
75
108
112
76
83
103
107
91
85
79
63
59
65
76
86
68
48
42
37
42
36
34
39
42
39
41
40
34
50
56
55
49
48
53
57
60
60
64
70
78
85
83
77
76
99
108
108
101
102
107
110
109
110
103
97
95
96
94
90
87
87
86
88
93
229
228
228
227
227
227
227
227
229
226
225
225
228
223
224
225
228
187
141
106
91
90
93
101
116
122
122
120
126
130
125
117
103
98
93
80
70
94
112
89
46
40
60
84
95
104
108
110
109
103
100
81
62
55
47
46
47
43
44
47
47
46
43
39
49
53
52
48
50
52
54
57
59
68
79
90
96
95
91
92
99
104
104
102
107
112
109
106
95
88
82
80
82
84
86
87
83
83
86
92
228
228
227
227
227
227
227
227
230
222
227
225
228
225
228
226
191
134
101
100
97
88
93
113
117
122
124
127
135
137
129
121
106
107
94
79
68
84
113
109
62
27
31
63
87
108
128
142
126
114
108
96
79
68
59
54
52
49
48
50
52
47
44
46
57
56
51
48
50
53
57
62
68
74
83
94
104
103
97
95
99
99
98
100
105
103
94
88
86
82
79
78
79
79
81
84
84
84
86
89
228
228
227
227
227
227
227
227
227
223
230
225
223
226
230
203
132
114
109
102
92
96
107
116
114
121
128
135
143
142
133
126
115
107
90
75
72
87
112
126
85
50
32
45
75
102
123
145
123
108
101
95
84
75
68
62
55
53
51
53
54
46
43
53
53
51
48
48
52
56
63
72
74
81
90
100
106
102
94
91
89
91
94
99
101
96
87
84
88
85
83
82
82
82
83
85
86
86
86
86
228
228
228
227
227
227
227
228
226
227
229
225
221
226
218
155
115
113
114
99
91
107
118
115
111
122
133
141
147
143
134
129
124
104
90
75
80
94
108
139
103
68
41
36
56
86
115
140
137
117
96
84
77
74
72
64
57
55
52
56
58
48
44
54
51
52
52
54
57
59
66
76
86
96
104
104
98
88
85
89
94
102
107
107
102
93
87
88
90
85
80
78
79
82
86
90
84
86
87
88
228
228
228
227
227
227
227
227
225
227
224
226
226
227
192
120
124
114
112
109
110
119
119
114
114
127
138
144
145
140
132
128
121
101
93
79
84
97
107
148
136
91
62
48
42
62
94
115
139
136
115
90
72
65
66
62
55
52
55
63
64
54
49
53
51
53
55
57
61
66
75
86
93
96
95
91
88
87
94
104
112
122
124
114
103
93
89
90
90
86
82
81
81
82
85
87
84
88
92
92
228
228
228
227
227
227
227
227
225
226
222
226
229
217
157
119
124
121
116
107
116
133
127
115
120
132
141
143
142
138
131
127
117
105
97
84
88
99
113
151
153
112
84
67
53
53
68
86
121
150
146
115
84
66
65
63
61
65
76
84
74
59
55
58
51
56
61
67
76
82
90
98
87
87
86
92
104
113
121
128
123
132
128
114
104
102
99
96
92
91
90
88
85
83
83
85
93
97
99
96
228
228
227
227
226
226
226
226
227
227
224
225
225
201
125
129
125
117
115
120
134
140
130
124
124
136
142
141
140
137
131
128
121
117
104
91
93
102
119
148
160
130
90
65
60
53
56
81
112
159
165
134
102
79
72
66
77
88
108
110
85
62
59
64
74
83
92
98
103
101
95
93
90
97
107
121
132
134
132
132
138
143
133
114
107
108
103
95
96
95
92
88
83
82
85
91
103
106
105
99
229
227
227
227
227
225
225
226
224
230
225
224
232
164
124
134
129
125
125
132
141
141
135
129
134
139
144
143
137
130
125
124
125
109
105
95
93
104
118
150
162
136
99
78
45
51
65
83
123
156
163
156
132
96
64
70
85
109
123
122
93
76
83
97
113
116
120
117
108
103
103
101
105
119
126
129
137
136
130
133
154
149
134
116
108
109
108
104
102
99
95
92
87
85
94
104
112
109
104
100
229
227
227
227
227
225
224
225
226
221
225
231
213
143
134
134
137
131
130
137
144
142
135
129
137
144
151
147
135
124
122
124
114
114
100
102
108
106
124
149
160
155
115
85
56
45
51
92
128
163
157
143
149
133
80
67
101
130
155
150
106
95
116
129
132
126
121
116
111
111
114
114
122
129
130
130
130
124
125
137
156
149
137
125
120
118
115
111
110
105
101
96
90
88
96
106
110
108
104
102
228
227
227
227
226
225
224
225
223
228
226
226
196
133
142
140
139
136
138
144
145
142
140
143
147
149
145
136
131
129
123
115
116
114
105
113
116
118
145
160
162
167
132
100
74
52
40
69
100
142
151
144
162
162
105
66
110
152
172
155
124
130
141
134
127
121
121
127
130
132
132
130
129
130
128
127
123
115
122
143
154
147
139
134
130
126
120
117
115
110
105
101
95
93
99
107
110
109
107
106
228
227
227
227
226
225
224
224
226
224
220
225
180
131
146
155
155
148
147
152
147
126
104
92
96
116
129
123
120
124
121
109
109
109
115
120
131
143
152
161
166
164
145
122
88
68
49
44
61
91
125
144
152
161
134
81
122
167
169
154
149
154
141
128
127
126
134
146
148
142
134
128
124
123
122
124
121
115
124
144
151
148
144
139
135
130
124
120
115
112
110
108
104
99
102
108
111
110
109
107
227
228
227
226
226
225
224
223
223
218
227
220
153
145
151
131
104
106
110
106
85
58
43
42
38
41
38
37
53
84
107
115
108
122
128
124
138
154
153
161
165
158
153
140
103
81
65
51
48
51
77
114
123
134
147
113
139
166
164
162
159
145
131
136
140
141
149
156
151
140
132
127
123
121
121
123
122
120
127
140
151
154
151
144
138
135
129
122
116
115
115
116
113
106
104
107
111
110
108
106
227
228
227
226
225
225
224
222
222
221
228
208
149
150
117
79
71
56
45
48
53
51
45
41
43
43
41
35
31
42
71
98
115
95
78
76
95
139
168
157
160
153
149
146
124
95
73
65
51
40
43
74
90
94
125
134
151
162
163
165
151
142
141
145
147
149
156
156
146
136
132
130
124
121
120
121
120
121
130
139
155
159
157
148
142
140
134
125
119
118
118
120
117
109
104
104
111
110
109
108
226
228
228
226
225
225
223
222
226
218
215
193
139
105
63
58
58
48
41
43
48
50
47
46
41
37
34
35
34
35
45
58
61
58
60
39
28
73
134
167
159
153
146
144
140
119
94
81
63
46
41
51
67
63
85
125
155
168
166
164
157
165
164
153
155
156
159
154
142
133
130
127
125
122
123
123
119
120
133
146
161
162
159
154
150
146
137
129
124
120
120
121
117
110
105
105
109
110
111
111
226
228
228
226
225
225
223
221
214
217
221
166
88
57
54
58
55
50
45
42
42
42
44
46
40
40
38
35
35
39
42
42
43
76
92
49
39
54
71
142
162
158
152
143
141
139
126
106
81
53
49
44
56
53
62
105
148
167
161
163
172
178
168
161
159
158
157
150
140
137
137
135
129
126
129
130
121
119
134
151
167
163
160
159
158
151
141
134
128
123
121
121
118
112
108
109
106
108
111
112
228
227
225
229
225
224
225
218
215
219
197
95
59
55
59
61
59
53
48
48
47
44
42
43
40
41
38
33
33
35
44
54
57
61
86
55
34
52
48
100
158
157
154
149
147
146
142
138
114
100
86
77
75
78
93
122
154
158
165
175
183
177
165
158
153
156
153
147
145
143
137
132
132
135
133
133
135
130
136
156
166
165
160
161
160
154
147
137
131
124
121
120
115
111
111
110
109
109
109
111
226
228
226
225
223
222
221
219
219
207
127
65
53
53
57
63
58
54
52
53
52
47
42
41
41
40
35
30
31
36
47
59
70
83
73
33
24
46
76
80
156
157
154
151
149
148
144
139
131
123
119
117
117
113
116
136
159
166
174
181
183
174
163
159
157
158
154
147
146
143
139
135
138
141
140
139
140
135
140
156
165
165
161
162
161
155
148
138
132
125
122
122
118
114
112
110
109
108
109
110
227
228
227
222
226
223
218
220
220
172
83
63
63
55
58
67
55
52
52
53
52
46
41
38
41
39
33
30
31
36
46
57
70
84
78
49
25
29
79
98
158
158
156
152
150
148
144
139
133
126
122
121
122
120
125
144
165
171
177
181
180
170
159
156
159
160
155
149
147
145
141
139
140
145
145
142
142
140
144
156
164
166
162
164
163
157
150
139
132
125
123
123
119
115
112
109
108
107
107
109
229
227
226
221
229
224
216
221
200
116
80
85
86
70
68
62
52
50
48
48
47
44
41
40
40
39
34
32
33
35
41
50
61
74
88
62
18
23
55
107
162
161
158
153
150
148
143
137
128
124
122
120
121
120
126
148
171
174
175
176
174
166
156
153
157
158
155
151
150
147
143
142
142
147
147
144
144
144
149
156
162
165
163
164
162
157
150
140
133
125
121
121
118
115
112
108
107
106
105
106
227
224
226
221
226
219
219
222
163
83
82
90
98
94
87
60
49
47
46
46
46
46
45
44
41
39
35
33
34
34
39
49
60
76
92
84
45
39
84
160
163
163
160
155
152
151
146
141
134
130
130
127
125
121
128
153
178
180
178
174
169
160
154
155
153
155
154
154
154
150
146
146
147
151
151
148
147
149
154
158
160
165
163
163
161
155
151
141
135
126
120
119
116
114
112
110
109
106
105
105
225
224
228
223
222
216
224
210
120
86
74
71
80
91
89
60
45
44
45
46
47
47
45
44
43
39
34
31
32
34
43
55
72
91
88
91
68
47
119
168
162
162
161
158
156
156
152
148
140
135
135
133
129
121
129
156
184
187
184
175
164
153
152
157
151
152
153
154
155
151
148
151
151
153
154
152
150
153
156
158
163
168
166
164
161
156
153
145
137
128
121
119
116
114
114
113
112
109
106
106
227
225
228
224
222
219
223
174
88
87
68
54
57
66
68
53
43
43
44
45
46
45
44
43
41
37
32
29
30
34
46
61
68
88
81
73
71
98
163
155
161
163
162
161
160
158
153
148
137
132
137
142
141
132
139
168
192
191
184
174
164
155
152
155
151
150
149
150
151
149
150
155
152
153
156
157
155
156
159
158
164
169
166
163
159
155
154
146
138
129
123
121
116
114
115
115
114
110
107
106
228
224
223
221
223
222
216
136
83
81
74
58
59
58
57
49
45
45
44
44
44
45
45
44
38
35
30
28
29
33
46
62
71
72
87
72
58
124
169
165
162
164
165
163
160
157
150
143
135
123
121
127
131
131
149
186
200
193
182
174
170
162
155
153
151
148
145
145
147
146
149
157
151
152
158
161
160
160
162
161
162
167
163
159
154
151
150
144
138
130
125
122
117
114
115
115
114
110
107
106
225
226
222
225
222
225
198
97
92
98
97
88
77
78
63
53
48
44
47
49
46
46
47
44
40
32
27
26
29
36
47
67
70
76
77
85
70
94
172
164
167
165
161
160
155
148
142
129
118
115
114
118
120
127
160
199
204
191
182
177
166
158
154
149
146
146
146
146
144
144
147
150
150
153
157
159
159
160
162
164
163
161
165
160
153
153
148
145
140
133
127
123
118
115
115
114
114
112
109
106
225
226
223
226
223
223
164
98
130
119
109
105
94
85
66
63
52
47
50
52
48
48
48
43
37
33
33
31
31
37
51
75
83
83
77
76
69
83
161
162
167
165
159
156
149
142
137
126
120
113
108
110
112
123
160
203
207
193
184
177
165
158
154
148
145
144
144
144
143
143
144
146
149
152
156
159
160
160
162
164
162
160
162
156
148
147
144
143
139
133
129
125
119
116
116
116
115
113
111
108
225
226
223
225
224
220
127
106
143
119
100
97
88
78
59
58
52
48
52
57
55
58
59
50
35
31
31
30
32
38
51
73
96
99
87
76
72
71
149
165
165
163
156
151
143
137
134
126
122
113
106
106
109
123
163
208
205
192
181
173
162
155
151
146
145
143
142
143
143
142
141
142
147
151
156
159
160
161
162
163
161
158
160
151
142
140
139
140
137
133
131
127
120
117
118
118
117
115
113
110
227
225
224
223
225
216
111
116
138
114
90
81
76
74
57
50
51
46
54
61
61
68
69
57
38
28
25
26
32
39
46
62
96
115
101
85
76
66
139
169
162
161
154
149
141
136
135
128
122
113
107
109
112
125
165
210
201
188
177
169
158
153
151
146
146
144
142
144
145
144
141
140
145
150
156
160
161
161
162
163
160
157
158
149
138
135
134
137
135
133
132
129
122
119
120
119
117
116
114
112
